0.001218595
0.001170604
0.00100557
0.0009230197
0.0007973197
0.0007403297
0.0008244128
0.0006298717
0.0005882436
0.0005644404
0.0006044715
0.0005824225
0.0005302583
0.0005953974
0.000586015
0.0005224686
0.000532798
0.0004508247
0.0004016727
0.0004242601
0.0003938385
0.0004063439
0.0004043588
0.0003532809
0.0003848132
0.0003775786
0.0004111836
0.0004156335
0.0003595913
0.0003166872
0.0003207508
0.0003788904
0.0003945261
0.0003629055
0.0003695172
0.0003266099
0.0003416704
0.000409006
0.0003784559
0.0003836932
0.0003744545
0.0003464164
0.0003796236
0.0004108005
0.0003175886
0.0003532283
0.0003385004
0.0004006254
0.0004833287
0.0004393835
0.0003581007
0.0003848688
0.0003709412
0.0003492539
0.0003403286
0.0003684897
0.0004355054
0.0004397988
0.00043763
0.0004584338
0.0004770707
0.0004772812
0.0005095661
0.000498755
0.000513271
0.0004710796
0.0004883185
0.0004885382
0.0004728348
0.0005061307
0.0005296589
0.0005396397
0.0005659018
0.0005741487
0.000495517
0.0005517136
0.0004783379
0.0004207975
0.000408442
0.0003813821
0.0003944537
0.0003986805
0.0003984306
0.0004491687
0.0004836727
0.0004707211
0.0004322018
0.0004122861
0.000444272
0.0004651749
0.0004259616
0.000504639
0.0005224997
0.0005559063
0.0005209084
0.0005538016
0.0005815823
0.0005600975
0.0005098801
0.000499911
0.0005198393
0.0004174729
0.000414569
0.000375994
0.0004083132
0.0004061086
0.0004492312
0.0004533814
0.0004999468
0.00048233
0.000504812
0.0004722434
0.0004972718
0.0004751436
0.0004666375
0.0004915772
0.0004837273
0.0004827498
0.0004552231
0.0004356517
0.0004973652
0.000459247
0.0004025208
0.000388072
0.0003830139
0.0003755026
0.0003189269
0.0003174971
0.0003176137
0.000331033
0.0003495938
0.0003469417
0.0003274211
0.0003497871
0.0003881502
0.0004310597
0.0003442254
0.0003381696
0.0003367877
0.0003202346
0.0003101499
0.0003415549
0.0003740476
0.0003432645
0.0003170213
0.0003127181
0.0003149892
0.0002909022
0.0003671674
0.0003214829
0.0003612612
0.0003635828
0.00034452
0.0003561898
0.0003833306
0.0003504665
0.0003676008
0.000329279
0.0003198351
0.0002904875
0.0003150903
0.0002990886
0.0002769595
0.0002685503
0.0002875457
0.000303769
0.0002868841
0.0003335221
0.0003416157
0.0003253948
0.0003385879
0.0003456951
0.0003889759
0.0003535633
0.0003746643
0.0003773593
0.0003821497
0.0003918391
0.0004053241
0.0004055107
0.0003563877
0.0003150346
0.0003088966
0.0003342105
0.0003275962
0.0003350898
0.0003582111
0.0003216694
0.0003356583
0.0003912204
0.0003804986
0.0003668449
0.0003833211
0.0003573905
0.0003652889
0.0003503131
0.0003420265
0.0003386201
0.0003187938
0.0003245147
0.0002809757
0.0002498641
0.0002442757
0.0002534468
0.0002153571
0.0002048026
0.0001922765
0.0001938539
0.0001809323
0.0001817123
0.0001789994
0.0001660954
0.0001633772
0.0001670143
0.0001861304
0.0001811124
0.0001827753
0.0002040831
0.0002148391
0.0002548497
0.0002712815
0.000293487
0.000271454
0.0002919208
0.0003366559
0.0003512475
0.0003706168
0.0003253459
0.0003129723
0.0002613836
0.0002466214
0.0002328192
0.0002194573
0.000204229
0.0002175668
0.0002406549
0.0002178713
0.0002220812
0.0002357882
0.0002323062
0.0002223836
0.0002281731
0.0002486504
0.0002715808
0.0002764413
0.0003167188
0.0003158339
0.0003104956
0.0002844706
0.0002871823
0.0003466888
0.0003557073
0.0003647546
0.0003551661
0.0003953702
0.0003940082
0.0004103281
0.0004646814
0.0004859452
0.000521135
0.0004803302
0.0004212463
0.0004012006
0.0004357365
0.0004672256
0.000492249
0.00044387
0.000544674
0.0005284451
0.0005689956
0.0005162878
0.0004986583
0.0005456159
0.0005338758
0.0004749147
0.0004818762
0.0004815371
0.0004695834
0.0004958683
0.0005155375
0.0004990945
0.0004612793
0.0004379106
0.0003874597
0.0004012318
0.0003757694
0.0003524112
0.0003917842
0.0004044311
0.0003808078
0.0003646321
0.0003495552
0.0003525892
0.0003282175
0.0002783873
0.0002730643
0.0002970048
0.0002977635
0.000276901
0.0002861514
