3.248147
3.241533
3.232389
3.221923
3.266233
3.330132
3.33097
3.236108
3.242023
3.203042
3.20176
3.181356
3.178857
3.197653
3.205577
3.155789
3.137037
3.160851
3.218289
3.223483
3.151503
3.262963
3.24844
3.228202
3.166307
3.196089
3.219663
3.190025
3.239894
3.210609
3.234043
3.286739
3.302776
3.264569
3.266964
3.287241
3.192972
3.245739
3.207352
3.207008
3.204912
3.102998
3.13009
3.158489
3.227381
3.229777
3.213331
3.192399
3.192591
3.177664
3.096553
3.127145
3.086725
3.09964
3.091713
3.142701
3.104836
3.113098
3.177807
3.177493
3.204308
3.175355
3.161198
3.168848
3.211714
3.179184
3.18367
3.143592
3.176346
3.157202
3.188338
3.197327
3.218585
3.217138
3.207539
3.19393
3.152695
3.121229
3.139494
3.164986
3.154477
3.146084
3.158321
3.174981
3.221408
3.233647
3.18885
3.156878
3.100283
3.170923
3.184159
3.187232
3.166712
3.168269
3.216606
3.231328
3.215606
3.188232
3.203287
3.237636
3.176838
3.158411
3.111565
3.117671
3.173958
3.130122
3.064997
3.059339
3.056924
3.057076
3.077437
3.090418
3.080709
3.054887
3.027701
2.954391
2.973773
3.00439
3.022301
3.052846
3.050088
3.10425
3.154325
3.140693
3.14741
3.143943
3.118722
3.157181
3.069342
3.077237
3.143862
3.104437
3.114234
3.10627
3.188598
3.133406
3.153554
3.135686
3.105706
3.097896
3.093205
3.110095
3.125382
3.070433
3.035255
3.088072
3.128298
3.142407
3.175315
3.148555
3.172958
3.200258
3.175784
3.189798
3.172008
3.220263
3.194729
3.151672
3.15883
3.158484
3.174408
3.156398
3.117843
3.115143
3.084533
3.106313
3.140528
3.185921
3.161979
3.19245
3.232982
3.259233
3.215468
3.159283
3.120583
3.068967
3.030299
3.093046
3.10638
3.123423
3.178213
3.167504
3.136993
3.097244
3.116574
3.120784
3.098326
3.100785
3.129439
3.145575
3.148678
3.242001
3.259697
3.248812
3.248806
3.218024
3.217254
3.180177
3.096954
3.039217
3.129584
3.13153
3.188992
3.197723
3.155406
3.120896
3.205283
3.169263
3.179794
3.222765
3.208435
3.178492
3.153653
3.122674
3.128086
3.170858
3.143899
3.176904
3.227562
3.18309
3.210438
3.200319
3.206169
3.127998
3.136586
3.142229
3.222608
3.208002
3.13973
3.111262
3.097511
3.027702
3.032009
3.13459
3.118841
3.144964
3.148238
3.228752
3.232409
3.158553
3.159533
3.158872
3.163085
3.230004
3.239763
3.218465
3.206832
3.23668
3.145557
3.190659
3.133171
3.18088
3.151011
3.121688
3.115442
3.085691
3.06766
3.050146
3.077809
3.10066
3.070435
3.068606
3.091634
3.085275
3.089669
3.112045
3.102875
3.122864
3.173372
3.118796
3.141239
3.124978
3.149919
3.122295
3.138576
3.175877
3.209518
3.1768
3.244906
3.275962
3.312788
3.247532
3.224246
3.238391
3.165191
3.136878
3.114847
3.156075
3.161964
3.20525
3.203653
3.234363
3.250159
3.24146
3.20698
3.145595
3.118586
3.116644
3.113434
3.203911
