0.1043255
0.09935344
0.1016693
0.112817
0.09961514
0.1147267
0.1178485
0.1182809
0.1108213
0.1098541
0.106707
0.1033409
0.1118993
0.1048159
0.115205
0.1149502
0.1110043
0.1103627
0.1130983
0.1136573
0.1126769
0.1130348
0.132929
0.1090565
0.122398
0.1142824
0.1201969
0.1250368
0.1244816
0.121391
0.1283907
0.1171562
0.1124993
0.1314939
0.109538
0.1159919
0.119905
0.1159004
0.1082039
0.1045456
0.1191983
0.1280072
0.1118116
0.1071156
0.1148126
0.1096777
0.1171068
0.1272249
0.1077428
0.1100976
0.1193182
0.1184538
0.11721
0.1209618
0.1085478
0.1105511
0.1127111
0.1069624
0.1178616
0.1243016
0.1122494
0.1152353
0.1134399
0.1295256
0.1012628
0.1111965
0.1014849
0.1012438
0.1135174
0.1264277
0.1119636
0.1147931
0.09692423
0.11188
0.1162304
0.106559
0.1126189
0.1118136
0.1027142
0.1004923
0.1147639
0.1204077
0.112966
0.1183472
0.1143819
0.1104371
0.1183011
0.09905988
0.1033151
0.1125748
0.09954499
0.1057005
0.09560847
0.1113644
0.1072915
0.1184878
0.1232761
0.1109589
0.1097509
0.1050091
0.1061701
0.1006494
0.1015346
0.1046534
0.1131885
0.1057781
0.1100718
0.09971663
0.1029208
0.1053342
0.1058835
0.1110937
0.1095008
0.1189054
0.1111903
0.1109917
0.1084042
0.1077335
0.1079734
0.1169405
0.1175552
0.1192103
0.1092771
0.1098226
0.1100146
0.13779
0.1138399
0.1037517
0.1108055
0.1041992
0.1170981
0.11655
0.1279929
0.1186577
0.1102291
0.1108209
0.1184808
0.1119133
0.1098027
0.1124773
0.1054242
0.1091929
0.1056929
0.1264103
0.1098587
0.1175631
0.1189222
0.1002887
0.1046455
0.1066327
0.1194214
0.1186081
0.1068917
0.1100545
0.1110836
0.1102482
0.1242016
0.1197903
0.1182793
0.108017
0.1117308
0.1108323
0.1121993
0.1138987
0.1266628
0.1266405
0.1189388
0.1103247
0.1192512
0.1190573
0.1258577
0.1094707
0.1105103
0.1101133
0.1139819
0.1043099
0.1205433
0.1129722
0.109047
0.1197437
0.1128697
0.1122582
0.1193118
0.1324156
0.1199221
0.1045451
0.1062094
0.1099666
0.1145378
0.1027865
0.1194473
0.10925
0.1075864
0.1187583
0.1095852
0.1091593
0.1108
0.1077384
0.1109881
0.1098709
0.1097002
0.1167564
0.1129654
0.1191465
0.1097479
0.11839
0.1281303
0.1159492
0.1241419
0.1171587
0.1169756
0.1204169
0.1377606
0.11731
0.1357519
0.1300805
0.1203979
0.1275443
0.111568
0.1286763
0.1170032
0.1110445
0.1197649
0.1183293
0.1170758
0.1065483
0.1100397
0.1118564
0.1142931
0.1118865
0.1285426
0.126804
0.1207509
0.129551
0.1193415
0.114598
0.1013106
0.1232241
0.1243744
0.1152343
0.1247153
0.1244977
0.121656
0.131757
0.1209492
0.1154164
0.1101711
0.1076973
0.1158124
0.1157742
0.1104181
0.1057083
0.1117854
0.1133632
0.1102823
0.1089598
0.1110544
0.1126011
0.1230621
0.118154
0.1065351
0.1125178
0.1008391
0.103355
0.107188
0.1137033
0.1076912
0.112993
0.1144829
0.1045576
0.1013201
0.09978091
0.1153222
0.1120575
0.1132357
0.1218182
0.1237842
0.1089837
0.110103
0.106674
0.1154168
0.1157912
0.1156941
0.1221001
0.1149351
0.1134614
0.1178853
0.1196528
0.1178542
0.1142435
0.1070312
0.110593
0.1021277
0.108338
0.1093395
0.1122689
0.1275127
0.1243981
0.1065044
0.1129277
