Trait	# groups	Compression	-2LnLk	Var_genetic	Var_error
AC	346	1.0	1792.1820031158054	21.151739446619235	2.065532232896685
AC	332	1.0421686746987953	1788.8805070508647	21.816451473879173	1.9029281318549924
AC	325	1.0646153846153845	1785.0029346173083	22.740219312520004	1.6775002093835785
AC	319	1.084639498432602	1781.6387244277425	23.35317076825537	1.5892476150813437
AC	312	1.108974358974359	1778.6579569741368	22.98418874137961	1.77281318916635
AC	306	1.130718954248366	1775.0821839377104	23.364917651240788	1.749791794974459
AC	300	1.1533333333333333	1769.432931847277	23.420221738317604	1.7692031827647037
AC	294	1.1768707482993197	1772.8459182723172	22.210689867603772	2.233666634480771
AC	288	1.2013888888888888	1766.6928949430442	23.21417025621293	2.03878915133548
AC	282	1.2269503546099292	1761.392316774356	23.845738266576255	1.9595426942444785
AC	277	1.2490974729241877	1785.0840937563148	20.023570804557316	3.375380950620937
AC	271	1.2767527675276753	1792.2886221679066	18.462648308467745	4.065477233164199
AC	266	1.300751879699248	1788.4558443208493	18.76888769180884	3.99815483305336
AC	260	1.3307692307692307	1782.9427102752602	19.29671995827399	3.85968769774841
AC	255	1.3568627450980393	1777.885482271979	19.95331528579466	3.696905285269604
AC	250	1.384	1772.6166934960663	20.554663559462394	3.5600919604498573
AC	245	1.4122448979591837	1767.6188752641933	21.13354412086854	3.449337221653858
AC	240	1.4416666666666667	1762.5470939140741	21.736646209049397	3.3434306410893413
AC	235	1.4723404255319148	1759.5577900639173	22.1681349056016	3.3181618160490385
AC	230	1.5043478260869565	1778.5525185284173	19.1734518854608	4.417792354281883
AC	226	1.5309734513274336	1777.1597540939404	19.358288522831348	4.4382536093296
AC	221	1.5656108597285068	1774.873133972032	19.493330333272	4.4594173836296
AC	217	1.5944700460829493	1769.8986331534763	20.018071165580114	4.333487949944346
AC	213	1.624413145539906	1766.0831033731693	20.285581649136567	4.287709366106698
AC	208	1.6634615384615385	1819.4207437888288	13.245014553456222	7.377424853644924
AC	204	1.696078431372549	1821.0561438180057	12.766003365403899	7.632142313324193
AC	200	1.73	1819.0130024364537	13.049867903012618	7.5676232809652415
AC	196	1.7653061224489797	1824.7281754151322	12.724086435374522	7.920773261641196
AC	192	1.8020833333333333	1822.3667423503746	13.050149454780044	7.831543663753508
AC	188	1.8404255319148937	1820.0673337067087	13.33463387187694	7.7658301715234845
AC	184	1.8804347826086956	1818.3981474805382	13.646371339303382	7.72115321746631
AC	181	1.9116022099447514	1822.0320893501012	13.244364100809614	7.984307406284607
AC	177	1.9548022598870056	1819.3567567006455	13.646737015993141	7.887165018368303
AC	174	1.9885057471264367	1819.620371380472	13.74448963978044	7.9340554470831215
AC	170	2.0352941176470587	1818.0445182857097	14.122945713160668	7.883010533045396
AC	167	2.07185628742515	1816.6340395992345	14.418292441824226	7.829658343595256
AC	163	2.1226993865030677	1825.138320386927	13.775424124192188	8.320493595215993
AC	160	2.1625	1823.322956354017	14.111357973799805	8.250675506743411
AC	157	2.2038216560509554	1821.6971761340294	14.489706392864184	8.203068248571082
AC	154	2.2467532467532467	1820.1072617347704	14.781062123153282	8.172388102381653
AC	151	2.2913907284768213	1822.4629421441648	14.478884247570896	8.364275358427395
AC	148	2.3378378378378377	1822.0353881268456	14.381739539061417	8.430418328974254
AC	145	2.386206896551724	1838.3743464467939	12.39086978675575	9.452887756297589
AC	142	2.436619718309859	1837.6421367253126	12.56237932461645	9.446633990801923
AC	139	2.4892086330935252	1837.0487031298396	12.81641222206042	9.42916684778877
AC	136	2.5441176470588234	1837.3334919657893	12.999987053402075	9.462281285779163
AC	133	2.601503759398496	1835.1935800672186	13.28706920384463	9.394401759920555
AC	131	2.6412213740458017	1834.123836459869	13.546569171212257	9.355401915466521
AC	128	2.703125	1832.7031661091412	13.997503610241505	9.29456057863095
AC	126	2.746031746031746	1835.3275336835804	13.63990067893054	9.494892844315679
AC	123	2.813008130081301	1834.5637727399371	13.826983691684749	9.49942867001061
AC	121	2.8595041322314048	1833.125213515191	13.928336841552463	9.477700682595886
AC	118	2.9322033898305087	1838.9003541650573	13.744498689081617	9.784401871005958
AC	116	2.9827586206896552	1845.4109228679356	12.858290865142926	10.203605217314205
AC	113	3.061946902654867	1843.4942096993748	13.30337449811638	10.129606214401983
AC	111	3.1171171171171173	1842.1069471048465	13.528591260834181	10.09804417665928
AC	109	3.1743119266055047	1840.7791377334756	13.82120487114366	10.06247377893195
AC	107	3.2336448598130842	1847.5637548058419	12.612506292360019	10.535866109543822
AC	105	3.295238095238095	1846.4413576973654	12.882612530904627	10.491264222661533
AC	102	3.392156862745098	1844.8035643383907	13.306386888449708	10.428304682182656
AC	100	3.46	1843.4142411588969	13.496434645658203	10.392980224842459
AC	98	3.5306122448979593	1842.4887539601764	13.805173405835879	10.363978373036936
AC	96	3.6041666666666665	1840.1560914780848	14.213070130058336	10.289700966974369
AC	94	3.6808510638297873	1839.1242179607839	14.538307768003282	10.25310836659605
AC	93	3.7204301075268815	1838.5323712083805	14.723078575778187	10.230559014681074
AC	91	3.802197802197802	1837.8975410974801	14.895088711511832	10.234723914087965
AC	89	3.8876404494382024	1837.3039943299123	15.170120275470754	10.23005580565527
AC	87	3.9770114942528734	1836.0118376342048	15.569973137589546	10.196755305434626
AC	85	4.070588235294117	1835.4481327769925	16.038002709337444	10.181601289973347
AC	84	4.119047619047619	1834.606057039227	16.13269145796867	10.182881146757106
AC	82	4.219512195121951	1835.1547311638874	16.206852852619924	10.247465691854817
AC	80	4.325	1833.9248889496446	16.62930908698937	10.219773744707837
AC	79	4.379746835443038	1833.4163912732556	16.698743769063586	10.221950312837102
AC	77	4.4935064935064934	1833.5176076134892	16.922365705008964	10.255003433977835
AC	76	4.552631578947368	1832.9447001167266	17.168910109677874	10.239523605487378
AC	74	4.675675675675675	1832.9823901901916	17.61899351284444	10.25307699942805
AC	73	4.739726027397261	1832.2696112187114	17.8763831792685	10.230476693774722
AC	71	4.873239436619718	1830.8076511026836	18.37873317193705	10.200039159661989
AC	70	4.942857142857143	1830.5970221858313	18.555110736210914	10.203968722997756
AC	68	5.088235294117647	1837.0868364352073	18.606735673784964	10.501155500239287
AC	67	5.164179104477612	1836.3295062658894	18.91842005903881	10.47689142727997
AC	66	5.242424242424242	1836.008627255353	19.28485254389767	10.472310044103098
AC	64	5.40625	1834.8377862334037	19.643807959639762	10.480035302651824
AC	63	5.492063492063492	1833.9699991977586	19.89908456877163	10.466789089064111
AC	62	5.580645161290323	1833.632798460934	20.297401637325642	10.474793558339154
AC	60	5.766666666666667	1831.4217540378854	20.82644928880192	10.449858343619603
AC	59	5.864406779661017	1836.3165976948335	20.77196527074391	10.654557673220847
AC	58	5.9655172413793105	1838.6510525364042	20.008675135575693	10.821151838194352
AC	57	6.0701754385964914	1837.4534805034625	20.48778755939919	10.798649410756584
AC	56	6.178571428571429	1836.677162226361	20.871579994241927	10.77373363457813
AC	55	6.290909090909091	1835.784210616832	21.151132737819477	10.758546409357999
AC	53	6.528301886792453	1834.9524885532887	21.636548045211605	10.765103314116933
AC	52	6.653846153846154	1836.3781188524163	22.136480996978882	10.844517046798249
AC	51	6.784313725490196	1835.8673493403257	22.40931628161195	10.84254212942982
AC	50	6.92	1838.6229174449977	22.19905245880149	11.005629796487613
AC	49	7.061224489795919	1837.4333966915667	22.782264278454992	10.973662627944382
AC	48	7.208333333333333	1836.9876486059634	23.205717789639912	10.969354017965998
AC	47	7.361702127659575	1835.9687085138298	23.775312227428213	10.941111183093588
AC	46	7.521739130434782	1835.1017661545998	24.357922266347686	10.917309068032331
AC	45	7.688888888888889	1834.1440690790173	24.955577119648073	10.897051300231308
AC	44	7.863636363636363	1833.5225617495416	25.59879845937197	10.896085418124203
AC	43	8.046511627906977	1833.0029135563816	26.049605675165907	10.896643369944693
AC	42	8.238095238095237	1831.3146003499942	24.347761138321257	10.944958840370079
AC	41	8.439024390243903	1829.504220833697	24.996020385680698	10.908067306046297
AC	40	8.65	1827.995527635786	25.78672482020032	10.915803735905536
AC	39	8.871794871794872	1828.0981354392293	27.186283240925803	11.090654413661735
AC	38	9.105263157894736	1827.0281424399693	27.396971767160004	10.902215826995938
AC	37	9.35135135135135	1826.1027843653771	28.290342698370665	10.877723867924471
AC	36	9.61111111111111	1825.2372697771302	29.502633684451943	11.069072613688594
AC	35	9.885714285714286	1824.1713532279095	29.706150436121977	10.846156560398137
AC	34	10.176470588235293	1822.8915445830585	30.6673869383017	10.81973429200081
AC	33	10.484848484848484	1823.0939405269396	33.37217603475975	11.762324959223227
AC	32	10.8125	1822.2843924880217	31.728089289027988	10.856798734759112
AC	31	11.161290322580646	1821.0764760220825	32.85712030236221	10.831100799878154
AC	30	11.533333333333333	1821.573247462275	35.86269679339669	11.748658370470132
AC	29	11.931034482758621	1820.0893605124209	34.13876695174801	10.869702156664973
AC	28	12.357142857142858	1820.0674048653764	34.56702323099443	10.930752673083285
AC	27	12.814814814814815	1819.3238506506104	35.865136050388756	10.934425533139589
AC	26	13.307692307692308	1829.539496494712	34.2086541278793	11.325952697912243
AC	25	13.84	1829.2323336472607	35.94674424676642	11.638872660545797
AC	24	14.416666666666666	1830.4709486377594	36.017189222242635	11.535982116083629
AC	23	15.043478260869565	1829.0050822775397	38.54418957577068	11.771921879319336
AC	22	15.727272727272727	1872.5020418954516	14.379930888611682	13.847643018982351
AC	21	16.476190476190474	1874.0796299122032	14.634007752487879	14.5336408501211
AC	20	17.3	1874.149711199166	14.454769312297183	13.941410690499085
AC	19	18.210526315789473	1883.2601890094895	13.488064496659904	16.37236946901137
AC	18	19.22222222222222	1882.6447128837349	12.753772547292227	14.582349248304649
AC	17	20.352941176470587	1882.049069693952	13.410431705012844	14.326701491517964
AC	16	21.625	1881.5003865002989	14.784377910619819	14.700261789349836
AC	15	23.066666666666666	1894.6387288333344	10.389074690607359	15.65428001394652
AC	14	24.714285714285715	1894.145889678609	11.666875679960102	16.085648430091492
AC	13	26.615384615384617	1893.8314840019384	12.487756961204	16.066635101507924
AC	12	28.833333333333332	1893.312495832102	13.48794694174756	15.849766228462068
AC	11	31.454545454545453	1892.3129866110262	16.054780588973	16.332833006047434
AC	10	34.6	1892.183608300979	16.423574920610186	16.56373015730727
AC	9	38.44444444444444	1891.9924313544905	20.37160103363196	19.047812174336734
AC	8	43.25	1899.3571191077851	24.91753356350718	18.82018427796167
AC	7	49.42857142857143	1900.5046445042674	22.34258333726176	17.9484736351321
AC	6	57.666666666666664	1899.5698562889856	27.88496194546657	17.538299784192027
AC	5	69.2	1899.3411255908625	33.614877438923116	18.947906790629197
AC	4	86.5	1900.1755938193085	39.69579105987912	19.18400398356681
AC	3	115.33333333333333	1905.3423048950626	2.400371335314474E-4	24.00371335314474
AC	2	173.0	1905.3423286422035	2.0489471842826564E-4	20.489471842826564
AC	1	346.0	1905.3423034725565	0.0	15.896053724294937
HSL	361	1.0	714.9926365551536	0.8961090114003054	0.05722867944810429
HSL	346	1.0433526011560694	708.1444897737749	1.0271196814293673	0.027169791264908105
HSL	339	1.064896755162242	705.5720333973964	0.9843148771498624	0.039236427111274313
HSL	332	1.0873493975903614	718.5697226045701	0.7900745909989939	0.10339716776607483
HSL	326	1.107361963190184	721.5000462284563	0.7428079098104191	0.12366911377823042
HSL	319	1.1316614420062696	717.7429188372878	0.7598962351786632	0.11967360221381751
HSL	313	1.1533546325878594	717.9227475677765	0.7606624391939453	0.12389234131671484
HSL	307	1.1758957654723128	717.2747545303712	0.7711384345567204	0.12516242026557345
HSL	300	1.2033333333333334	725.0505802463938	0.7197574582253268	0.15110162898783536
HSL	294	1.227891156462585	726.4323983351162	0.7095709248316481	0.15938516511101103
HSL	289	1.2491349480968859	726.9780568217552	0.7099781032007698	0.1635769627811977
HSL	283	1.2756183745583038	727.9603748095617	0.7109258199063522	0.16859991900902505
HSL	277	1.3032490974729243	726.0310263285085	0.7212014426830831	0.16854231576036557
HSL	272	1.3272058823529411	726.1376267919245	0.7153926381063807	0.1739302641755335
HSL	266	1.3571428571428572	722.1284655428365	0.7365780735263082	0.16929260435605245
HSL	261	1.3831417624521072	719.170411484767	0.7506394170976208	0.16705854471225262
HSL	256	1.41015625	716.5665209266533	0.7619031040962139	0.16620824614787863
HSL	250	1.444	718.2606894884696	0.7651250807828023	0.17184927795690666
HSL	245	1.473469387755102	728.3208948381582	0.734287245703214	0.1921807188828313
HSL	241	1.4979253112033195	739.508561052516	0.6843152267687721	0.21857797773634707
HSL	236	1.5296610169491525	736.9123497626744	0.6985034738390186	0.21650435537328291
HSL	231	1.5627705627705628	733.7329626543838	0.7149290619022448	0.21322083208549264
HSL	226	1.5973451327433628	730.2010454002462	0.7330617832781007	0.20997838614634426
HSL	222	1.6261261261261262	737.0743199985598	0.7279999517378323	0.22123844340152019
HSL	217	1.663594470046083	736.5772552844385	0.727969175378201	0.2246644952526732
HSL	213	1.6948356807511737	737.9721054586827	0.7331060586980481	0.22853158943399693
HSL	209	1.7272727272727273	739.009105049623	0.7450764447740501	0.23126827348896375
HSL	205	1.7609756097560976	737.8773580761933	0.7529650964809786	0.2323673726211123
HSL	200	1.805	741.0729832115954	0.7369866727513611	0.24322358615675443
HSL	196	1.8418367346938775	738.381117788693	0.7438677160810745	0.2431022816621781
HSL	192	1.8802083333333333	735.7553677951105	0.758427384982209	0.24147948237709121
HSL	189	1.91005291005291	740.6013400986465	0.7401758906959393	0.2527880608734999
HSL	185	1.9513513513513514	763.9435953432543	0.6600691286477248	0.2980552731519156
HSL	181	1.9944751381215469	762.333553992656	0.6687472584314578	0.297650785520714
HSL	177	2.0395480225988702	765.8441313525996	0.6555492813095419	0.30804093782285114
HSL	174	2.074712643678161	764.3839377092987	0.66820479218386	0.3063756508251036
HSL	170	2.123529411764706	765.6445100603864	0.6757673753959055	0.3101253251881312
HSL	167	2.161676646706587	763.435798784091	0.6904675989725118	0.30742469179641063
HSL	164	2.201219512195122	762.0571283635145	0.6998727129557505	0.3075611508542216
HSL	160	2.25625	761.5468320446198	0.7148425147129498	0.3086556359833601
HSL	157	2.299363057324841	761.5024452130816	0.7257238716139409	0.3097296444031401
HSL	154	2.344155844155844	761.0442458560906	0.7342873330660712	0.3105720559658995
HSL	151	2.390728476821192	769.661955145295	0.674959587226268	0.33435553190938044
HSL	148	2.439189189189189	768.0269775964051	0.6905725031630033	0.33245475020257326
HSL	145	2.489655172413793	765.9722224826065	0.707509194795864	0.3298627328239372
HSL	142	2.5422535211267605	764.2640729612929	0.7198129464719567	0.3287814967954223
HSL	139	2.597122302158273	763.777935973977	0.7306087549535178	0.32927689578582364
HSL	136	2.6544117647058822	774.2626291246673	0.6687221131030622	0.35465362230108954
HSL	134	2.6940298507462686	774.0929887642794	0.6729796447688526	0.355724530337969
HSL	131	2.7557251908396947	776.5563489283362	0.6700687442704465	0.3626687458896663
HSL	128	2.8203125	776.6560356126221	0.6831263800751569	0.36366051804264354
HSL	126	2.865079365079365	776.8017358912998	0.6910008706251333	0.3645365942370081
HSL	123	2.934959349593496	779.4409750059212	0.6900907308622648	0.37169070043957264
HSL	121	2.9834710743801653	779.5797893041513	0.6880000936136107	0.3740951956054525
HSL	118	3.059322033898305	781.6121125149384	0.7077851009128904	0.3779551327014732
HSL	116	3.1120689655172415	783.5290053237097	0.7178869422187035	0.3812354376377266
HSL	114	3.1666666666666665	790.4884432826118	0.6982109683879348	0.3958022802632102
HSL	111	3.2522522522522523	791.6677043155289	0.7112347017777871	0.3987491556860255
HSL	109	3.311926605504587	797.1225609919935	0.6734972313186507	0.41306827366268983
HSL	107	3.3738317757009346	798.3230961256936	0.6889459755410563	0.41465646821241803
HSL	105	3.4380952380952383	796.9412813495633	0.7082625507583287	0.41232159397823287
HSL	103	3.504854368932039	796.922301695724	0.7187236454418129	0.41306936981800224
HSL	101	3.5742574257425743	804.7868110752418	0.7066445116407694	0.42860320500325916
HSL	99	3.6464646464646466	808.7907300647604	0.6924512200730499	0.43816466545378563
HSL	97	3.7216494845360826	807.5778033434135	0.7111718139020086	0.4361974443900061
HSL	95	3.8	806.1924424166059	0.7315144788860708	0.43392072306764284
HSL	93	3.881720430107527	805.0636337004834	0.7264486207347178	0.4350984856033833
HSL	91	3.967032967032967	804.8352243061445	0.7500328396352544	0.4348648039734894
HSL	89	4.056179775280899	805.5412142174669	0.7350458394910586	0.4395091562798711
HSL	87	4.149425287356322	824.6165934022575	0.7108174319614692	0.4740569734843464
HSL	86	4.1976744186046515	823.8855204143812	0.7233551118551135	0.47271502667946996
HSL	84	4.2976190476190474	821.9951997861674	0.7443918576006171	0.47015227585340724
HSL	82	4.402439024390244	822.3306781850754	0.7581938215007412	0.47149607984760217
HSL	80	4.5125	822.256144222651	0.7741011555713825	0.4720716676591061
HSL	79	4.569620253164557	822.0281137889559	0.7784455986849912	0.47276791829347764
HSL	77	4.688311688311688	823.4111077298983	0.782684753480132	0.47674122265504937
HSL	76	4.75	826.3332362709871	0.7582289299551391	0.4846567826354789
HSL	74	4.878378378378378	825.0135108047549	0.7718370897731383	0.4840751664280276
HSL	73	4.945205479452055	824.2551232905947	0.7851115318077722	0.4828103481134302
HSL	71	5.084507042253521	832.8219720951428	0.7719193914181545	0.5009438905369215
HSL	70	5.1571428571428575	832.3824162659246	0.7833385495787387	0.4999832543397262
HSL	68	5.3088235294117645	831.0222341000614	0.8214945246994122	0.49798195941919277
HSL	67	5.388059701492537	831.4508298072845	0.821838894687153	0.5001240529243661
HSL	66	5.46969696969697	831.0409869752656	0.8371184175938601	0.4999433524665216
HSL	64	5.640625	829.8866509496163	0.8646982483454568	0.4989885987174841
HSL	63	5.73015873015873	829.5921891855546	0.882253990895687	0.4991555851241118
HSL	62	5.82258064516129	829.3895324472726	0.9083723685301176	0.49918200820899095
HSL	61	5.918032786885246	831.5687648877899	0.8694506389746378	0.5065668147155209
HSL	59	6.11864406779661	841.0485651658746	0.8410070687080455	0.5275756965803382
HSL	58	6.224137931034483	847.3101163002341	0.7225476023064963	0.5477967475330093
HSL	57	6.333333333333333	846.7134784162606	0.7411962322076634	0.5466722360855197
HSL	56	6.446428571428571	846.0537119073896	0.7594636141614488	0.5452971616638269
HSL	55	6.5636363636363635	845.9809220233992	0.7632326468877931	0.5460072111232145
HSL	54	6.685185185185185	854.2512616411872	0.6774669438292084	0.5685591618177125
HSL	52	6.9423076923076925	853.994707393692	0.6803678074981395	0.5712046969409713
HSL	51	7.078431372549019	853.4274486488058	0.6984247281918066	0.5701055949020566
HSL	50	7.22	853.3010256853812	0.7155967982715867	0.5700768970818063
HSL	49	7.36734693877551	856.8651340032092	0.6580838429270828	0.581420359681371
HSL	48	7.520833333333333	860.2435107117541	0.6204272119405227	0.5914716769680678
HSL	47	7.680851063829787	859.3897699886504	0.6454726321354766	0.5897222155219235
HSL	46	7.8478260869565215	864.6830089576391	0.5705131887184347	0.6057315091713443
HSL	45	8.022222222222222	865.3548136483366	0.5668703708783521	0.6082382481400636
HSL	44	8.204545454545455	864.5866904436916	0.5911600155132499	0.6068018594620075
HSL	43	8.395348837209303	865.1480941916161	0.6037830502285071	0.6083702985553779
HSL	42	8.595238095238095	865.7351976219513	0.6422238305583705	0.6107537486792469
HSL	41	8.804878048780488	865.1432678147852	0.6650035229268578	0.6092516479098077
HSL	40	9.025	870.499232854449	0.5481167343210844	0.6381805955870645
HSL	39	9.256410256410257	870.3596576483891	0.5541546170229027	0.6279630260193324
HSL	38	9.5	870.3574410915412	0.5653067441272206	0.6282742484090997
HSL	37	9.756756756756756	870.4317627698751	0.5649513945919011	0.6294552313529984
HSL	36	10.027777777777779	869.9293034561592	0.5885409800048926	0.6283121776766417
HSL	35	10.314285714285715	872.4144166687782	0.5314256401526042	0.6379617281096458
HSL	34	10.617647058823529	872.5659634187538	0.5380249224805278	0.6392488248467167
HSL	33	10.93939393939394	875.3155872391915	0.44064097135177005	0.6991556708121753
HSL	32	11.28125	876.3996799587861	0.38007245170778275	0.6572026273394487
HSL	31	11.64516129032258	876.4664818196514	0.39045503578612045	0.6570888376675711
HSL	30	12.033333333333333	875.9909132476873	0.4375892075168923	0.6896796853156223
HSL	29	12.448275862068966	875.7213613786257	0.4234331185817201	0.6550916132101763
HSL	28	12.892857142857142	875.4717155485013	0.4599341881781338	0.676093597648536
HSL	27	13.37037037037037	875.1001716297973	0.5417061270906429	0.7491807036235961
HSL	26	13.884615384615385	874.5398453329005	0.5082785073156262	0.6560592554641871
HSL	25	14.44	873.9851376160659	0.5507349901509023	0.6630193832694493
HSL	24	15.041666666666666	876.8065814848777	0.5289450907548546	0.6798039092642494
HSL	23	15.695652173913043	876.1943781879042	0.653778499108213	0.7702959969261929
HSL	22	16.40909090909091	875.8696926987494	0.5878871111469207	0.667171166899103
HSL	21	17.19047619047619	879.5800746163626	0.3965788055018664	0.6781776403220257
HSL	20	18.05	879.0702074756356	0.5026388846491955	0.7456589433377401
HSL	19	19.0	879.046893158862	0.49583757547713864	0.7163011302636401
HSL	18	20.055555555555557	878.4905287566655	0.5341417543884327	0.6885714596845453
HSL	17	21.235294117647058	877.8443744661917	0.6203345026357672	0.7125196720046749
HSL	16	22.5625	877.1406314437409	0.7375252377493721	0.7252009220316538
HSL	15	24.066666666666666	876.4162971770521	0.8163633519858242	0.7189760530016648
HSL	14	25.785714285714285	875.6683553703205	0.9093624680358009	0.7128950542830605
HSL	13	27.76923076923077	874.8347191645289	1.226138347503909	0.8487174888577936
HSL	12	30.083333333333332	877.8466106747526	0.8987031323657316	0.7124181813349775
HSL	11	32.81818181818182	877.6853048026419	1.01379007443958	0.7660510410371674
HSL	10	36.1	878.287494931453	1.0578482790869534	0.7710851422166819
HSL	9	40.111111111111114	876.5291530539124	1.3440884387995233	0.8037980732044515
HSL	8	45.125	875.724230668589	1.7385561572862194	0.9021450553358664
HSL	7	51.57142857142857	874.7036216406901	1.8188512356581767	0.7648774518550321
HSL	6	60.166666666666664	876.1554544875162	1.4919682318877936	0.8651745232455912
HSL	5	72.2	876.5790189731731	2.0383792412743555	0.885286284722757
HSL	4	90.25	879.3013099688509	1.4257477786178356	0.8021380672564922
HSL	3	120.33333333333333	880.3001891331597	1.2408521658255005	0.8985061217683037
HSL	2	180.5	880.2242819275696	1.6967557244914129	0.9410702742811714
HSL	1	361.0	882.0632987968401	0.0	0.7024425098146176
