gid	Environment	GY_blue	GY_blup	GY_PEV	GY_pevReliability	GY_means
49308	Main_Embu_Kenya	6.465	6.928	0.282	0.311	6.465
49309	Main_Embu_Kenya	7.09	7.123	0.282	0.311	7.09
49310	Main_Embu_Kenya	9.335	7.823	0.282	0.311	9.335
49313	Main_Embu_Kenya	8.67	7.616	0.282	0.311	8.67
49314	Main_Embu_Kenya	7.235	7.168	0.282	0.311	7.235
49315	Main_Embu_Kenya	7.66	7.301	0.282	0.311	7.66
49317	Main_Embu_Kenya	6.805	7.034	0.282	0.311	6.805
49318	Main_Embu_Kenya	6.21	6.849	0.282	0.311	6.21
49319	Main_Embu_Kenya	8.895	7.686	0.282	0.311	8.895
49321	Main_Embu_Kenya	9.72	7.944	0.282	0.311	9.72
49322	Main_Embu_Kenya	7.585	7.278	0.282	0.311	7.585
49323	Main_Embu_Kenya	8.525	7.571	0.282	0.311	8.525
49324	Main_Embu_Kenya	6.925	7.072	0.282	0.311	6.925
49326	Main_Embu_Kenya	6.55	6.955	0.282	0.311	6.55
49327	Main_Embu_Kenya	7.02	7.101	0.282	0.311	7.02
49328	Main_Embu_Kenya	6.65	6.986	0.282	0.311	6.65
49329	Main_Embu_Kenya	6.82	7.039	0.282	0.311	6.82
49330	Main_Embu_Kenya	6.37	6.899	0.282	0.311	6.37
49331	Main_Embu_Kenya	6.845	7.047	0.282	0.311	6.845
49332	Main_Embu_Kenya	7.595	7.281	0.282	0.311	7.595
49333	Main_Embu_Kenya	6.48	6.933	0.282	0.311	6.48
49334	Main_Embu_Kenya	8.42	7.538	0.282	0.311	8.42
49335	Main_Embu_Kenya	6.375	6.9	0.282	0.311	6.375
49336	Main_Embu_Kenya	9.145	7.764	0.282	0.311	9.145
49337	Main_Embu_Kenya	8.265	7.49	0.282	0.311	8.265
49338	Main_Embu_Kenya	7.52	7.257	0.282	0.311	7.52
49339	Main_Embu_Kenya	8.32	7.507	0.282	0.311	8.32
49340	Main_Embu_Kenya	6.045	6.797	0.282	0.311	6.045
49341	Main_Embu_Kenya	6.255	6.863	0.282	0.311	6.255
49342	Main_Embu_Kenya	8.26	7.488	0.282	0.311	8.26
49343	Main_Embu_Kenya	7.26	7.176	0.282	0.311	7.26
49344	Main_Embu_Kenya	7.015	7.1	0.282	0.311	7.015
49345	Main_Embu_Kenya	6.75	7.017	0.282	0.311	6.75
49346	Main_Embu_Kenya	9.22	7.788	0.282	0.311	9.22
49347	Main_Embu_Kenya	4.97	6.462	0.282	0.311	4.97
49348	Main_Embu_Kenya	8.205	7.471	0.282	0.311	8.205
49349	Main_Embu_Kenya	7.89	7.373	0.282	0.311	7.89
49350	Main_Embu_Kenya	8.715	7.63	0.282	0.311	8.715
49351	Main_Embu_Kenya	8.955	7.705	0.282	0.311	8.955
49352	Main_Embu_Kenya	6.315	6.881	0.282	0.311	6.315
49353	Main_Embu_Kenya	3.515	6.008	0.282	0.311	3.515
49354	Main_Embu_Kenya	6.84	7.045	0.282	0.311	6.84
49355	Main_Embu_Kenya	5.85	6.736	0.282	0.311	5.85
49356	Main_Embu_Kenya	7.745	7.327	0.282	0.311	7.745
49360	Main_Embu_Kenya	5.275	6.557	0.282	0.311	5.275
49363	Main_Embu_Kenya	9.185	7.777	0.282	0.311	9.185
49364	Main_Embu_Kenya	7.655	7.299	0.282	0.311	7.655
49365	Main_Embu_Kenya	6.725	7.009	0.282	0.311	6.725
49366	Main_Embu_Kenya	7.06	7.114	0.282	0.311	7.06
49367	Main_Embu_Kenya	6.525	6.947	0.282	0.311	6.525
49368	Main_Embu_Kenya	6.145	6.828	0.282	0.311	6.145
49369	Main_Embu_Kenya	7.595	7.281	0.282	0.311	7.595
49370	Main_Embu_Kenya	6.245	6.86	0.282	0.311	6.245
49371	Main_Embu_Kenya	6.475	6.931	0.282	0.311	6.475
49373	Main_Embu_Kenya	6.755	7.019	0.282	0.311	6.755
49375	Main_Embu_Kenya	6.565	6.959	0.282	0.311	6.565
49376	Main_Embu_Kenya	6.52	6.945	0.282	0.311	6.52
49377	Main_Embu_Kenya	7.34	7.201	0.282	0.311	7.34
49378	Main_Embu_Kenya	9.555	7.892	0.282	0.311	9.555
49379	Main_Embu_Kenya	5.74	6.702	0.282	0.311	5.74
49380	Main_Embu_Kenya	5.035	6.482	0.282	0.311	5.035
49381	Main_Embu_Kenya	6.17	6.836	0.282	0.311	6.17
49382	Main_Embu_Kenya	6.985	7.09	0.282	0.311	6.985
49383	Main_Embu_Kenya	5.465	6.616	0.282	0.311	5.465
49384	Main_Embu_Kenya	6.05	6.799	0.282	0.311	6.05
49385	Main_Embu_Kenya	6.84	7.045	0.282	0.311	6.84
49386	Main_Embu_Kenya	8.795	7.655	0.282	0.311	8.795
49387	Main_Embu_Kenya	6.3	6.877	0.282	0.311	6.3
49388	Main_Embu_Kenya	7.375	7.212	0.282	0.311	7.375
49389	Main_Embu_Kenya	8.29	7.497	0.282	0.311	8.29
49390	Main_Embu_Kenya	7.255	7.175	0.282	0.311	7.255
49391	Main_Embu_Kenya	5.64	6.671	0.282	0.311	5.64
49392	Main_Embu_Kenya	8.135	7.449	0.282	0.311	8.135
49393	Main_Embu_Kenya	7.43	7.229	0.282	0.311	7.43
49394	Main_Embu_Kenya	8.11	7.441	0.282	0.311	8.11
49396	Main_Embu_Kenya	7.915	7.381	0.282	0.311	7.915
49397	Main_Embu_Kenya	5.975	6.775	0.282	0.311	5.975
49398	Main_Embu_Kenya	6.8	7.033	0.282	0.311	6.8
49401	Main_Embu_Kenya	8.92	7.694	0.282	0.311	8.92
49403	Main_Embu_Kenya	6.695	7	0.282	0.311	6.695
49404	Main_Embu_Kenya	7.93	7.385	0.282	0.311	7.93
49405	Main_Embu_Kenya	6.985	7.09	0.282	0.311	6.985
49406	Main_Embu_Kenya	8.075	7.43	0.282	0.311	8.075
49407	Main_Embu_Kenya	8.32	7.507	0.282	0.311	8.32
49409	Main_Embu_Kenya	7.585	7.278	0.282	0.311	7.585
49412	Main_Embu_Kenya	8.43	7.541	0.282	0.311	8.43
49414	Main_Embu_Kenya	7.365	7.209	0.282	0.311	7.365
49415	Main_Embu_Kenya	6.975	7.087	0.282	0.311	6.975
49416	Main_Embu_Kenya	7.18	7.151	0.282	0.311	7.18
49417	Main_Embu_Kenya	6.935	7.075	0.282	0.311	6.935
49419	Main_Embu_Kenya	5.455	6.613	0.282	0.311	5.455
49420	Main_Embu_Kenya	7.77	7.335	0.282	0.311	7.77
49421	Main_Embu_Kenya	6.41	6.911	0.282	0.311	6.41
49422	Main_Embu_Kenya	8.98	7.713	0.282	0.311	8.98
49423	Main_Embu_Kenya	9.12	7.756	0.282	0.311	9.12
49425	Main_Embu_Kenya	7.58	7.276	0.282	0.311	7.58
49427	Main_Embu_Kenya	7.845	7.359	0.282	0.311	7.845
49428	Main_Embu_Kenya	8.465	7.552	0.282	0.311	8.465
49429	Main_Embu_Kenya	6.77	7.023	0.282	0.311	6.77
49430	Main_Embu_Kenya	7.02	7.101	0.282	0.311	7.02
49431	Main_Embu_Kenya	6.085	6.81	0.282	0.311	6.085
49432	Main_Embu_Kenya	6.625	6.978	0.282	0.311	6.625
49434	Main_Embu_Kenya	8.465	7.552	0.282	0.311	8.465
49435	Main_Embu_Kenya	7.11	7.129	0.282	0.311	7.11
49436	Main_Embu_Kenya	6.37	6.899	0.282	0.311	6.37
49437	Main_Embu_Kenya	7.985	7.402	0.282	0.311	7.985
49438	Main_Embu_Kenya	8.86	7.675	0.282	0.311	8.86
49441	Main_Embu_Kenya	8.165	7.459	0.282	0.311	8.165
49442	Main_Embu_Kenya	6.075	6.807	0.282	0.311	6.075
49444	Main_Embu_Kenya	7.715	7.318	0.282	0.311	7.715
49445	Main_Embu_Kenya	7.145	7.14	0.282	0.311	7.145
49446	Main_Embu_Kenya	7.165	7.147	0.282	0.311	7.165
49447	Main_Embu_Kenya	7.665	7.303	0.282	0.311	7.665
49448	Main_Embu_Kenya	7.63	7.292	0.282	0.311	7.63
49450	Main_Embu_Kenya	5.215	6.538	0.282	0.311	5.215
49451	Main_Embu_Kenya	7.375	7.212	0.282	0.311	7.375
49452	Main_Embu_Kenya	5.65	6.674	0.282	0.311	5.65
49453	Main_Embu_Kenya	4.785	6.404	0.282	0.311	4.785
49454	Main_Embu_Kenya	6.925	7.072	0.282	0.311	6.925
49455	Main_Embu_Kenya	6.425	6.916	0.282	0.311	6.425
49456	Main_Embu_Kenya	7.705	7.315	0.282	0.311	7.705
49457	Main_Embu_Kenya	5.58	6.652	0.282	0.311	5.58
49458	Main_Embu_Kenya	6.005	6.785	0.282	0.311	6.005
49459	Main_Embu_Kenya	5.61	6.662	0.282	0.311	5.61
49460	Main_Embu_Kenya	6.525	6.947	0.282	0.311	6.525
49461	Main_Embu_Kenya	7.665	7.303	0.282	0.311	7.665
49462	Main_Embu_Kenya	6.185	6.841	0.282	0.311	6.185
49463	Main_Embu_Kenya	9.385	7.839	0.282	0.311	9.385
49464	Main_Embu_Kenya	6.655	6.988	0.282	0.311	6.655
49465	Main_Embu_Kenya	5.78	6.715	0.282	0.311	5.78
49466	Main_Embu_Kenya	7.635	7.293	0.282	0.311	7.635
49467	Main_Embu_Kenya	7.395	7.218	0.282	0.311	7.395
49468	Main_Embu_Kenya	6.875	7.056	0.282	0.311	6.875
49469	Main_Embu_Kenya	6.905	7.065	0.282	0.311	6.905
49470	Main_Embu_Kenya	6.385	6.903	0.282	0.311	6.385
49471	Main_Embu_Kenya	7.235	7.168	0.282	0.311	7.235
49473	Main_Embu_Kenya	7.095	7.125	0.282	0.311	7.095
49479	Main_Embu_Kenya	7.32	7.195	0.282	0.311	7.32
49480	Main_Embu_Kenya	6.345	6.891	0.282	0.311	6.345
49481	Main_Embu_Kenya	7.76	7.332	0.282	0.311	7.76
49482	Main_Embu_Kenya	6.725	7.009	0.282	0.311	6.725
49483	Main_Embu_Kenya	6.345	6.891	0.282	0.311	6.345
49484	Main_Embu_Kenya	9.175	7.774	0.282	0.311	9.175
49486	Main_Embu_Kenya	9.205	7.783	0.282	0.311	9.205
49492	Main_Embu_Kenya	8.3	7.501	0.282	0.311	8.3
49493	Main_Embu_Kenya	7.44	7.232	0.282	0.311	7.44
49494	Main_Embu_Kenya	5.29	6.562	0.282	0.311	5.29
49495	Main_Embu_Kenya	6.725	7.009	0.282	0.311	6.725
49500	Main_Embu_Kenya	7.145	7.14	0.282	0.311	7.145
49501	Main_Embu_Kenya	6.205	6.847	0.282	0.311	6.205
49502	Main_Embu_Kenya	7.235	7.168	0.282	0.311	7.235
49504	Main_Embu_Kenya	7.52	7.257	0.282	0.311	7.52
49505	Main_Embu_Kenya	9.45	7.859	0.282	0.311	9.45
49507	Main_Embu_Kenya	8.8	7.657	0.282	0.311	8.8
49509	Main_Embu_Kenya	6.4	6.908	0.282	0.311	6.4
49511	Main_Embu_Kenya	4.88	6.434	0.282	0.311	4.88
49512	Main_Embu_Kenya	6.53	6.949	0.282	0.311	6.53
49514	Main_Embu_Kenya	5.255	6.551	0.282	0.311	5.255
49515	Main_Embu_Kenya	6.28	6.871	0.282	0.311	6.28
49516	Main_Embu_Kenya	5.395	6.594	0.282	0.311	5.395
49518	Main_Embu_Kenya	8.715	7.63	0.282	0.311	8.715
49525	Main_Embu_Kenya	6.5	6.939	0.282	0.311	6.5
49526	Main_Embu_Kenya	6.95	7.08	0.282	0.311	6.95
49527	Main_Embu_Kenya	5.635	6.669	0.282	0.311	5.635
49535	Main_Embu_Kenya	5.045	6.485	0.282	0.311	5.045
49537	Main_Embu_Kenya	6.355	6.894	0.282	0.311	6.355
49538	Main_Embu_Kenya	6.9	7.064	0.282	0.311	6.9
49541	Main_Embu_Kenya	9.315	7.817	0.282	0.311	9.315
49543	Main_Embu_Kenya	7.415	7.225	0.282	0.311	7.415
49545	Main_Embu_Kenya	6.855	7.05	0.282	0.311	6.855
49308	Main_Kakamega_Kenya	7.18	8.836	0.348	0.299	7.18
49309	Main_Kakamega_Kenya	8.655	9.28	0.348	0.299	8.655
49310	Main_Kakamega_Kenya	10.195	9.743	0.348	0.299	10.195
49313	Main_Kakamega_Kenya	10.155	9.731	0.348	0.299	10.155
49314	Main_Kakamega_Kenya	9.895	9.652	0.348	0.299	9.895
49315	Main_Kakamega_Kenya	7.44	8.914	0.348	0.299	7.44
49317	Main_Kakamega_Kenya	11.3	10.075	0.348	0.299	11.3
49318	Main_Kakamega_Kenya	9.755	9.61	0.348	0.299	9.755
49319	Main_Kakamega_Kenya	5.915	8.456	0.348	0.299	5.915
49321	Main_Kakamega_Kenya	10.545	9.848	0.348	0.299	10.545
49322	Main_Kakamega_Kenya	7.16	8.83	0.348	0.299	7.16
49323	Main_Kakamega_Kenya	9.15	9.428	0.348	0.299	9.15
49324	Main_Kakamega_Kenya	11.71	10.198	0.348	0.299	11.71
49326	Main_Kakamega_Kenya	9.785	9.619	0.348	0.299	9.785
49327	Main_Kakamega_Kenya	12.34	10.387	0.348	0.299	12.34
49328	Main_Kakamega_Kenya	10.675	9.887	0.348	0.299	10.675
49329	Main_Kakamega_Kenya	10.355	9.791	0.348	0.299	10.355
49330	Main_Kakamega_Kenya	8.55	9.248	0.348	0.299	8.55
49331	Main_Kakamega_Kenya	8.005	9.084	0.348	0.299	8.005
49332	Main_Kakamega_Kenya	11.14	10.027	0.348	0.299	11.14
49333	Main_Kakamega_Kenya	8.44	9.215	0.348	0.299	8.44
49334	Main_Kakamega_Kenya	9.785	9.619	0.348	0.299	9.785
49335	Main_Kakamega_Kenya	11.24	10.057	0.348	0.299	11.24
49336	Main_Kakamega_Kenya	9.805	9.625	0.348	0.299	9.805
49337	Main_Kakamega_Kenya	10.415	9.809	0.348	0.299	10.415
49338	Main_Kakamega_Kenya	8.4	9.203	0.348	0.299	8.4
49339	Main_Kakamega_Kenya	8.08	9.107	0.348	0.299	8.08
49340	Main_Kakamega_Kenya	7.285	8.868	0.348	0.299	7.285
49341	Main_Kakamega_Kenya	7.575	8.955	0.348	0.299	7.575
49342	Main_Kakamega_Kenya	11.545	10.148	0.348	0.299	11.545
49343	Main_Kakamega_Kenya	10.87	9.946	0.348	0.299	10.87
49344	Main_Kakamega_Kenya	10.16	9.732	0.348	0.299	10.16
49345	Main_Kakamega_Kenya	7.8	9.023	0.348	0.299	7.8
49346	Main_Kakamega_Kenya	10.05	9.699	0.348	0.299	10.05
49347	Main_Kakamega_Kenya	9.455	9.52	0.348	0.299	9.455
49348	Main_Kakamega_Kenya	9.87	9.645	0.348	0.299	9.87
49349	Main_Kakamega_Kenya	10.08	9.708	0.348	0.299	10.08
49350	Main_Kakamega_Kenya	10.595	9.863	0.348	0.299	10.595
49351	Main_Kakamega_Kenya	9.9	9.654	0.348	0.299	9.9
49352	Main_Kakamega_Kenya	9.51	9.537	0.348	0.299	9.51
49353	Main_Kakamega_Kenya	8.375	9.195	0.348	0.299	8.375
49354	Main_Kakamega_Kenya	7.6	8.962	0.348	0.299	7.6
49355	Main_Kakamega_Kenya	10.33	9.783	0.348	0.299	10.33
49356	Main_Kakamega_Kenya	8.25	9.158	0.348	0.299	8.25
49360	Main_Kakamega_Kenya	10.25	9.759	0.348	0.299	10.25
49363	Main_Kakamega_Kenya	10.68	9.888	0.348	0.299	10.68
49364	Main_Kakamega_Kenya	10.37	9.795	0.348	0.299	10.37
49365	Main_Kakamega_Kenya	6.855	8.738	0.348	0.299	6.855
49366	Main_Kakamega_Kenya	9.815	9.628	0.348	0.299	9.815
49367	Main_Kakamega_Kenya	10.68	9.888	0.348	0.299	10.68
49368	Main_Kakamega_Kenya	8.635	9.274	0.348	0.299	8.635
49369	Main_Kakamega_Kenya	9.325	9.481	0.348	0.299	9.325
49370	Main_Kakamega_Kenya	10.075	9.707	0.348	0.299	10.075
49371	Main_Kakamega_Kenya	8.275	9.165	0.348	0.299	8.275
49373	Main_Kakamega_Kenya	11.385	10.1	0.348	0.299	11.385
49375	Main_Kakamega_Kenya	9.18	9.437	0.348	0.299	9.18
49376	Main_Kakamega_Kenya	8.52	9.239	0.348	0.299	8.52
49377	Main_Kakamega_Kenya	10.12	9.72	0.348	0.299	10.12
49378	Main_Kakamega_Kenya	11.095	10.013	0.348	0.299	11.095
49379	Main_Kakamega_Kenya	8.95	9.368	0.348	0.299	8.95
49380	Main_Kakamega_Kenya	9.05	9.398	0.348	0.299	9.05
49381	Main_Kakamega_Kenya	8.72	9.299	0.348	0.299	8.72
49382	Main_Kakamega_Kenya	9.585	9.559	0.348	0.299	9.585
49383	Main_Kakamega_Kenya	8.685	9.289	0.348	0.299	8.685
49384	Main_Kakamega_Kenya	10.855	9.941	0.348	0.299	10.855
49385	Main_Kakamega_Kenya	8.98	9.377	0.348	0.299	8.98
49386	Main_Kakamega_Kenya	9.045	9.397	0.348	0.299	9.045
49387	Main_Kakamega_Kenya	10.575	9.857	0.348	0.299	10.575
49388	Main_Kakamega_Kenya	11.1	10.015	0.348	0.299	11.1
49389	Main_Kakamega_Kenya	9.875	9.646	0.348	0.299	9.875
49390	Main_Kakamega_Kenya	8.525	9.241	0.348	0.299	8.525
49391	Main_Kakamega_Kenya	11.64	10.177	0.348	0.299	11.64
49392	Main_Kakamega_Kenya	9.05	9.398	0.348	0.299	9.05
49393	Main_Kakamega_Kenya	10.05	9.699	0.348	0.299	10.05
49394	Main_Kakamega_Kenya	9.935	9.664	0.348	0.299	9.935
49396	Main_Kakamega_Kenya	10.12	9.72	0.348	0.299	10.12
49397	Main_Kakamega_Kenya	9.85	9.639	0.348	0.299	9.85
49398	Main_Kakamega_Kenya	10.08	9.708	0.348	0.299	10.08
49401	Main_Kakamega_Kenya	11.935	10.266	0.348	0.299	11.935
49403	Main_Kakamega_Kenya	9.8	9.624	0.348	0.299	9.8
49404	Main_Kakamega_Kenya	7.56	8.95	0.348	0.299	7.56
49405	Main_Kakamega_Kenya	8.185	9.138	0.348	0.299	8.185
49406	Main_Kakamega_Kenya	11.685	10.191	0.348	0.299	11.685
49407	Main_Kakamega_Kenya	7.71	8.996	0.348	0.299	7.71
49409	Main_Kakamega_Kenya	8.14	9.125	0.348	0.299	8.14
49412	Main_Kakamega_Kenya	8	9.083	0.348	0.299	8
49414	Main_Kakamega_Kenya	8.425	9.21	0.348	0.299	8.425
49415	Main_Kakamega_Kenya	10.64	9.876	0.348	0.299	10.64
49416	Main_Kakamega_Kenya	9.185	9.439	0.348	0.299	9.185
49417	Main_Kakamega_Kenya	9.675	9.586	0.348	0.299	9.675
49419	Main_Kakamega_Kenya	9.555	9.55	0.348	0.299	9.555
49420	Main_Kakamega_Kenya	10.565	9.854	0.348	0.299	10.565
49421	Main_Kakamega_Kenya	10.47	9.825	0.348	0.299	10.47
49422	Main_Kakamega_Kenya	9.345	9.487	0.348	0.299	9.345
49423	Main_Kakamega_Kenya	10.895	9.953	0.348	0.299	10.895
49425	Main_Kakamega_Kenya	10.805	9.926	0.348	0.299	10.805
49427	Main_Kakamega_Kenya	7.205	8.844	0.348	0.299	7.205
49428	Main_Kakamega_Kenya	7.69	8.99	0.348	0.299	7.69
49429	Main_Kakamega_Kenya	11.18	10.039	0.348	0.299	11.18
49430	Main_Kakamega_Kenya	9.98	9.678	0.348	0.299	9.98
49431	Main_Kakamega_Kenya	9.325	9.481	0.348	0.299	9.325
49432	Main_Kakamega_Kenya	9.32	9.48	0.348	0.299	9.32
49434	Main_Kakamega_Kenya	9.1	9.413	0.348	0.299	9.1
49435	Main_Kakamega_Kenya	8.75	9.308	0.348	0.299	8.75
49436	Main_Kakamega_Kenya	8.175	9.135	0.348	0.299	8.175
49437	Main_Kakamega_Kenya	10.725	9.902	0.348	0.299	10.725
49438	Main_Kakamega_Kenya	11.185	10.04	0.348	0.299	11.185
49441	Main_Kakamega_Kenya	8.69	9.29	0.348	0.299	8.69
49442	Main_Kakamega_Kenya	10.97	9.976	0.348	0.299	10.97
49444	Main_Kakamega_Kenya	12.115	10.32	0.348	0.299	12.115
49445	Main_Kakamega_Kenya	10.625	9.872	0.348	0.299	10.625
49446	Main_Kakamega_Kenya	9.995	9.682	0.348	0.299	9.995
49447	Main_Kakamega_Kenya	10.995	9.983	0.348	0.299	10.995
49448	Main_Kakamega_Kenya	9.49	9.531	0.348	0.299	9.49
49450	Main_Kakamega_Kenya	12.495	10.434	0.348	0.299	12.495
49451	Main_Kakamega_Kenya	8.19	9.14	0.348	0.299	8.19
49452	Main_Kakamega_Kenya	10.185	9.74	0.348	0.299	10.185
49453	Main_Kakamega_Kenya	9.005	9.385	0.348	0.299	9.005
49454	Main_Kakamega_Kenya	9.03	9.392	0.348	0.299	9.03
49455	Main_Kakamega_Kenya	8.75	9.308	0.348	0.299	8.75
49456	Main_Kakamega_Kenya	10.255	9.761	0.348	0.299	10.255
49457	Main_Kakamega_Kenya	9.765	9.613	0.348	0.299	9.765
49458	Main_Kakamega_Kenya	9.905	9.655	0.348	0.299	9.905
49459	Main_Kakamega_Kenya	8.495	9.232	0.348	0.299	8.495
49460	Main_Kakamega_Kenya	9.395	9.502	0.348	0.299	9.395
49461	Main_Kakamega_Kenya	10.77	9.915	0.348	0.299	10.77
49462	Main_Kakamega_Kenya	10.245	9.758	0.348	0.299	10.245
49463	Main_Kakamega_Kenya	7.565	8.952	0.348	0.299	7.565
49464	Main_Kakamega_Kenya	10.07	9.705	0.348	0.299	10.07
49465	Main_Kakamega_Kenya	6.06	8.499	0.348	0.299	6.06
49466	Main_Kakamega_Kenya	9.435	9.514	0.348	0.299	9.435
49467	Main_Kakamega_Kenya	9.4	9.504	0.348	0.299	9.4
49468	Main_Kakamega_Kenya	11.04	9.997	0.348	0.299	11.04
49469	Main_Kakamega_Kenya	9.41	9.507	0.348	0.299	9.41
49470	Main_Kakamega_Kenya	10.085	9.71	0.348	0.299	10.085
49471	Main_Kakamega_Kenya	11.83	10.234	0.348	0.299	11.83
49473	Main_Kakamega_Kenya	9.325	9.481	0.348	0.299	9.325
49479	Main_Kakamega_Kenya	9.585	9.559	0.348	0.299	9.585
49480	Main_Kakamega_Kenya	8.345	9.186	0.348	0.299	8.345
49481	Main_Kakamega_Kenya	11.015	9.989	0.348	0.299	11.015
49482	Main_Kakamega_Kenya	10.635	9.875	0.348	0.299	10.635
49483	Main_Kakamega_Kenya	10.055	9.701	0.348	0.299	10.055
49484	Main_Kakamega_Kenya	7.935	9.063	0.348	0.299	7.935
49486	Main_Kakamega_Kenya	9.195	9.442	0.348	0.299	9.195
49492	Main_Kakamega_Kenya	8.275	9.165	0.348	0.299	8.275
49493	Main_Kakamega_Kenya	9.38	9.498	0.348	0.299	9.38
49494	Main_Kakamega_Kenya	12.255	10.362	0.348	0.299	12.255
49495	Main_Kakamega_Kenya	8.19	9.14	0.348	0.299	8.19
49500	Main_Kakamega_Kenya	9.345	9.487	0.348	0.299	9.345
49501	Main_Kakamega_Kenya	8.75	9.308	0.348	0.299	8.75
49502	Main_Kakamega_Kenya	11.475	10.127	0.348	0.299	11.475
49504	Main_Kakamega_Kenya	9.57	9.555	0.348	0.299	9.57
49505	Main_Kakamega_Kenya	11.485	10.13	0.348	0.299	11.485
49507	Main_Kakamega_Kenya	8.51	9.236	0.348	0.299	8.51
49509	Main_Kakamega_Kenya	11	9.985	0.348	0.299	11
49511	Main_Kakamega_Kenya	9.42	9.51	0.348	0.299	9.42
49512	Main_Kakamega_Kenya	7.685	8.988	0.348	0.299	7.685
49514	Main_Kakamega_Kenya	9.33	9.483	0.348	0.299	9.33
49515	Main_Kakamega_Kenya	8.17	9.134	0.348	0.299	8.17
49516	Main_Kakamega_Kenya	7.805	9.024	0.348	0.299	7.805
49518	Main_Kakamega_Kenya	10.325	9.782	0.348	0.299	10.325
49525	Main_Kakamega_Kenya	7.98	9.077	0.348	0.299	7.98
49526	Main_Kakamega_Kenya	10.69	9.891	0.348	0.299	10.69
49527	Main_Kakamega_Kenya	8.94	9.365	0.348	0.299	8.94
49535	Main_Kakamega_Kenya	8.375	9.195	0.348	0.299	8.375
49537	Main_Kakamega_Kenya	10.51	9.837	0.348	0.299	10.51
49538	Main_Kakamega_Kenya	8.255	9.159	0.348	0.299	8.255
49541	Main_Kakamega_Kenya	8.795	9.322	0.348	0.299	8.795
49543	Main_Kakamega_Kenya	8.51	9.236	0.348	0.299	8.51
49545	Main_Kakamega_Kenya	9.345	9.487	0.348	0.299	9.345
49308	Main_Kiboko_Kenya	4.4	5.275	0.167	0.437	4.4
49309	Main_Kiboko_Kenya	5.995	5.972	0.167	0.437	5.995
49310	Main_Kiboko_Kenya	5.45	5.733	0.167	0.437	5.45
49313	Main_Kiboko_Kenya	6.235	6.076	0.167	0.437	6.235
49314	Main_Kiboko_Kenya	6.21	6.066	0.167	0.437	6.21
49315	Main_Kiboko_Kenya	7.125	6.465	0.167	0.437	7.125
49317	Main_Kiboko_Kenya	6.095	6.015	0.167	0.437	6.095
49318	Main_Kiboko_Kenya	4.635	5.377	0.167	0.437	4.635
49319	Main_Kiboko_Kenya	5.635	5.814	0.167	0.437	5.635
49321	Main_Kiboko_Kenya	6.01	5.978	0.167	0.437	6.01
49322	Main_Kiboko_Kenya	6.355	6.129	0.167	0.437	6.355
49323	Main_Kiboko_Kenya	5.435	5.727	0.167	0.437	5.435
49324	Main_Kiboko_Kenya	6.31	6.109	0.167	0.437	6.31
49326	Main_Kiboko_Kenya	6.975	6.4	0.167	0.437	6.975
49327	Main_Kiboko_Kenya	7.445	6.605	0.167	0.437	7.445
49328	Main_Kiboko_Kenya	6.13	6.031	0.167	0.437	6.13
49329	Main_Kiboko_Kenya	5.675	5.832	0.167	0.437	5.675
49330	Main_Kiboko_Kenya	6	5.974	0.167	0.437	6
49331	Main_Kiboko_Kenya	5.255	5.648	0.167	0.437	5.255
49332	Main_Kiboko_Kenya	5.05	5.559	0.167	0.437	5.05
49333	Main_Kiboko_Kenya	5.295	5.666	0.167	0.437	5.295
49334	Main_Kiboko_Kenya	6.54	6.21	0.167	0.437	6.54
49335	Main_Kiboko_Kenya	6.295	6.103	0.167	0.437	6.295
49336	Main_Kiboko_Kenya	5.54	5.773	0.167	0.437	5.54
49337	Main_Kiboko_Kenya	5.7	5.843	0.167	0.437	5.7
49338	Main_Kiboko_Kenya	6.995	6.409	0.167	0.437	6.995
49339	Main_Kiboko_Kenya	5.06	5.563	0.167	0.437	5.06
49340	Main_Kiboko_Kenya	6.055	5.998	0.167	0.437	6.055
49341	Main_Kiboko_Kenya	5.395	5.709	0.167	0.437	5.395
49342	Main_Kiboko_Kenya	5.35	5.69	0.167	0.437	5.35
49343	Main_Kiboko_Kenya	5.55	5.777	0.167	0.437	5.55
49344	Main_Kiboko_Kenya	6.33	6.118	0.167	0.437	6.33
49345	Main_Kiboko_Kenya	4.145	5.163	0.167	0.437	4.145
49346	Main_Kiboko_Kenya	5.5	5.755	0.167	0.437	5.5
49347	Main_Kiboko_Kenya	5.455	5.736	0.167	0.437	5.455
49348	Main_Kiboko_Kenya	5.145	5.6	0.167	0.437	5.145
49349	Main_Kiboko_Kenya	5.645	5.819	0.167	0.437	5.645
49350	Main_Kiboko_Kenya	5.305	5.67	0.167	0.437	5.305
49351	Main_Kiboko_Kenya	6.57	6.223	0.167	0.437	6.57
49352	Main_Kiboko_Kenya	6.795	6.321	0.167	0.437	6.795
49353	Main_Kiboko_Kenya	6.97	6.398	0.167	0.437	6.97
49354	Main_Kiboko_Kenya	7.11	6.459	0.167	0.437	7.11
49355	Main_Kiboko_Kenya	3.715	4.975	0.167	0.437	3.715
49356	Main_Kiboko_Kenya	5.325	5.679	0.167	0.437	5.325
49360	Main_Kiboko_Kenya	5.145	5.6	0.167	0.437	5.145
49363	Main_Kiboko_Kenya	6.405	6.151	0.167	0.437	6.405
49364	Main_Kiboko_Kenya	5.905	5.932	0.167	0.437	5.905
49365	Main_Kiboko_Kenya	5.42	5.72	0.167	0.437	5.42
49366	Main_Kiboko_Kenya	6.075	6.007	0.167	0.437	6.075
49367	Main_Kiboko_Kenya	5.94	5.948	0.167	0.437	5.94
49368	Main_Kiboko_Kenya	4.86	5.476	0.167	0.437	4.86
49369	Main_Kiboko_Kenya	4.22	5.196	0.167	0.437	4.22
49370	Main_Kiboko_Kenya	6.905	6.369	0.167	0.437	6.905
49371	Main_Kiboko_Kenya	5.27	5.655	0.167	0.437	5.27
49373	Main_Kiboko_Kenya	6.26	6.087	0.167	0.437	6.26
49375	Main_Kiboko_Kenya	6.515	6.199	0.167	0.437	6.515
49376	Main_Kiboko_Kenya	7.05	6.433	0.167	0.437	7.05
49377	Main_Kiboko_Kenya	5.91	5.934	0.167	0.437	5.91
49378	Main_Kiboko_Kenya	7.28	6.533	0.167	0.437	7.28
49379	Main_Kiboko_Kenya	5.49	5.751	0.167	0.437	5.49
49380	Main_Kiboko_Kenya	5.505	5.757	0.167	0.437	5.505
49381	Main_Kiboko_Kenya	5.1	5.58	0.167	0.437	5.1
49382	Main_Kiboko_Kenya	6	5.974	0.167	0.437	6
49383	Main_Kiboko_Kenya	4.455	5.299	0.167	0.437	4.455
49384	Main_Kiboko_Kenya	5.335	5.683	0.167	0.437	5.335
49385	Main_Kiboko_Kenya	5.12	5.589	0.167	0.437	5.12
49386	Main_Kiboko_Kenya	5.99	5.969	0.167	0.437	5.99
49387	Main_Kiboko_Kenya	6.26	6.087	0.167	0.437	6.26
49388	Main_Kiboko_Kenya	5.85	5.908	0.167	0.437	5.85
49389	Main_Kiboko_Kenya	6.64	6.253	0.167	0.437	6.64
49390	Main_Kiboko_Kenya	6.025	5.985	0.167	0.437	6.025
49391	Main_Kiboko_Kenya	5.86	5.913	0.167	0.437	5.86
49392	Main_Kiboko_Kenya	6.345	6.125	0.167	0.437	6.345
49393	Main_Kiboko_Kenya	6.045	5.993	0.167	0.437	6.045
49394	Main_Kiboko_Kenya	6.405	6.151	0.167	0.437	6.405
49396	Main_Kiboko_Kenya	5.865	5.915	0.167	0.437	5.865
49397	Main_Kiboko_Kenya	6.195	6.059	0.167	0.437	6.195
49398	Main_Kiboko_Kenya	5.59	5.795	0.167	0.437	5.59
49401	Main_Kiboko_Kenya	6.935	6.382	0.167	0.437	6.935
49403	Main_Kiboko_Kenya	7.005	6.413	0.167	0.437	7.005
49404	Main_Kiboko_Kenya	5.925	5.941	0.167	0.437	5.925
49405	Main_Kiboko_Kenya	7.855	6.784	0.167	0.437	7.855
49406	Main_Kiboko_Kenya	6.47	6.179	0.167	0.437	6.47
49407	Main_Kiboko_Kenya	5.375	5.701	0.167	0.437	5.375
49409	Main_Kiboko_Kenya	8.245	6.955	0.167	0.437	8.245
49412	Main_Kiboko_Kenya	6.39	6.144	0.167	0.437	6.39
49414	Main_Kiboko_Kenya	6.45	6.17	0.167	0.437	6.45
49415	Main_Kiboko_Kenya	5.15	5.602	0.167	0.437	5.15
49416	Main_Kiboko_Kenya	5.355	5.692	0.167	0.437	5.355
49417	Main_Kiboko_Kenya	6.355	6.129	0.167	0.437	6.355
49419	Main_Kiboko_Kenya	5.58	5.79	0.167	0.437	5.58
49420	Main_Kiboko_Kenya	7.08	6.446	0.167	0.437	7.08
49421	Main_Kiboko_Kenya	5.005	5.539	0.167	0.437	5.005
49422	Main_Kiboko_Kenya	5.86	5.913	0.167	0.437	5.86
49423	Main_Kiboko_Kenya	5.805	5.889	0.167	0.437	5.805
49425	Main_Kiboko_Kenya	6.95	6.389	0.167	0.437	6.95
49427	Main_Kiboko_Kenya	6.365	6.133	0.167	0.437	6.365
49428	Main_Kiboko_Kenya	6.865	6.352	0.167	0.437	6.865
49429	Main_Kiboko_Kenya	4.915	5.5	0.167	0.437	4.915
49430	Main_Kiboko_Kenya	4.88	5.484	0.167	0.437	4.88
49431	Main_Kiboko_Kenya	4.84	5.467	0.167	0.437	4.84
49432	Main_Kiboko_Kenya	5.65	5.821	0.167	0.437	5.65
49434	Main_Kiboko_Kenya	6.255	6.085	0.167	0.437	6.255
49435	Main_Kiboko_Kenya	5.03	5.55	0.167	0.437	5.03
49436	Main_Kiboko_Kenya	4.92	5.502	0.167	0.437	4.92
49437	Main_Kiboko_Kenya	7.03	6.424	0.167	0.437	7.03
49438	Main_Kiboko_Kenya	6.605	6.238	0.167	0.437	6.605
49441	Main_Kiboko_Kenya	5.915	5.937	0.167	0.437	5.915
49442	Main_Kiboko_Kenya	6.81	6.328	0.167	0.437	6.81
49444	Main_Kiboko_Kenya	4.985	5.53	0.167	0.437	4.985
49445	Main_Kiboko_Kenya	4.875	5.482	0.167	0.437	4.875
49446	Main_Kiboko_Kenya	6.4	6.149	0.167	0.437	6.4
49447	Main_Kiboko_Kenya	6.84	6.341	0.167	0.437	6.84
49448	Main_Kiboko_Kenya	5.53	5.768	0.167	0.437	5.53
49450	Main_Kiboko_Kenya	6.715	6.286	0.167	0.437	6.715
49451	Main_Kiboko_Kenya	4.4	5.275	0.167	0.437	4.4
49452	Main_Kiboko_Kenya	5.99	5.969	0.167	0.437	5.99
49453	Main_Kiboko_Kenya	5.29	5.663	0.167	0.437	5.29
49454	Main_Kiboko_Kenya	6.655	6.26	0.167	0.437	6.655
49455	Main_Kiboko_Kenya	6.545	6.212	0.167	0.437	6.545
49456	Main_Kiboko_Kenya	7.48	6.621	0.167	0.437	7.48
49457	Main_Kiboko_Kenya	4.91	5.497	0.167	0.437	4.91
49458	Main_Kiboko_Kenya	6.44	6.166	0.167	0.437	6.44
49459	Main_Kiboko_Kenya	7.305	6.544	0.167	0.437	7.305
49460	Main_Kiboko_Kenya	6.72	6.288	0.167	0.437	6.72
49461	Main_Kiboko_Kenya	7.195	6.496	0.167	0.437	7.195
49462	Main_Kiboko_Kenya	7.075	6.444	0.167	0.437	7.075
49463	Main_Kiboko_Kenya	7.055	6.435	0.167	0.437	7.055
49464	Main_Kiboko_Kenya	5.84	5.904	0.167	0.437	5.84
49465	Main_Kiboko_Kenya	6.79	6.319	0.167	0.437	6.79
49466	Main_Kiboko_Kenya	4.49	5.314	0.167	0.437	4.49
49467	Main_Kiboko_Kenya	6.065	6.002	0.167	0.437	6.065
49468	Main_Kiboko_Kenya	6.52	6.201	0.167	0.437	6.52
49469	Main_Kiboko_Kenya	4.965	5.521	0.167	0.437	4.965
49470	Main_Kiboko_Kenya	5.595	5.797	0.167	0.437	5.595
49471	Main_Kiboko_Kenya	6.435	6.164	0.167	0.437	6.435
49473	Main_Kiboko_Kenya	5.265	5.653	0.167	0.437	5.265
49479	Main_Kiboko_Kenya	5.17	5.611	0.167	0.437	5.17
49480	Main_Kiboko_Kenya	6.155	6.041	0.167	0.437	6.155
49481	Main_Kiboko_Kenya	6.015	5.98	0.167	0.437	6.015
49482	Main_Kiboko_Kenya	5.13	5.594	0.167	0.437	5.13
49483	Main_Kiboko_Kenya	4.955	5.517	0.167	0.437	4.955
49484	Main_Kiboko_Kenya	6.2	6.061	0.167	0.437	6.2
49486	Main_Kiboko_Kenya	5.025	5.548	0.167	0.437	5.025
49492	Main_Kiboko_Kenya	7.095	6.452	0.167	0.437	7.095
49493	Main_Kiboko_Kenya	5.735	5.858	0.167	0.437	5.735
49494	Main_Kiboko_Kenya	7.4	6.586	0.167	0.437	7.4
49495	Main_Kiboko_Kenya	5.8	5.886	0.167	0.437	5.8
49500	Main_Kiboko_Kenya	4.92	5.502	0.167	0.437	4.92
49501	Main_Kiboko_Kenya	6.11	6.022	0.167	0.437	6.11
49502	Main_Kiboko_Kenya	6.255	6.085	0.167	0.437	6.255
49504	Main_Kiboko_Kenya	6.185	6.055	0.167	0.437	6.185
49505	Main_Kiboko_Kenya	6.41	6.153	0.167	0.437	6.41
49507	Main_Kiboko_Kenya	6.305	6.107	0.167	0.437	6.305
49509	Main_Kiboko_Kenya	4.895	5.491	0.167	0.437	4.895
49511	Main_Kiboko_Kenya	5.67	5.83	0.167	0.437	5.67
49512	Main_Kiboko_Kenya	5.97	5.961	0.167	0.437	5.97
49514	Main_Kiboko_Kenya	5.03	5.55	0.167	0.437	5.03
49515	Main_Kiboko_Kenya	5.44	5.729	0.167	0.437	5.44
49516	Main_Kiboko_Kenya	7.19	6.494	0.167	0.437	7.19
49518	Main_Kiboko_Kenya	7.155	6.478	0.167	0.437	7.155
49525	Main_Kiboko_Kenya	4.95	5.515	0.167	0.437	4.95
49526	Main_Kiboko_Kenya	5.58	5.79	0.167	0.437	5.58
49527	Main_Kiboko_Kenya	6.835	6.339	0.167	0.437	6.835
49535	Main_Kiboko_Kenya	4.435	5.29	0.167	0.437	4.435
49537	Main_Kiboko_Kenya	6.835	6.339	0.167	0.437	6.835
49538	Main_Kiboko_Kenya	6.155	6.041	0.167	0.437	6.155
49541	Main_Kiboko_Kenya	6.615	6.243	0.167	0.437	6.615
49543	Main_Kiboko_Kenya	7.44	6.603	0.167	0.437	7.44
49545	Main_Kiboko_Kenya	5.335	5.683	0.167	0.437	5.335
49308	Main_Mtwapa_Kenya	5.79	5.583	0.178	0.251	5.79
49309	Main_Mtwapa_Kenya	5.96	5.626	0.178	0.251	5.96
49310	Main_Mtwapa_Kenya	5.325	5.466	0.178	0.251	5.325
49313	Main_Mtwapa_Kenya	7	5.888	0.178	0.251	7
49314	Main_Mtwapa_Kenya	5.595	5.534	0.178	0.251	5.595
49315	Main_Mtwapa_Kenya	5.255	5.448	0.178	0.251	5.255
49317	Main_Mtwapa_Kenya	4.51	5.26	0.178	0.251	4.51
49318	Main_Mtwapa_Kenya	5.62	5.54	0.178	0.251	5.62
49319	Main_Mtwapa_Kenya	5.52	5.515	0.178	0.251	5.52
49321	Main_Mtwapa_Kenya	5.005	5.385	0.178	0.251	5.005
49322	Main_Mtwapa_Kenya	4.435	5.241	0.178	0.251	4.435
49323	Main_Mtwapa_Kenya	4.16	5.172	0.178	0.251	4.16
49324	Main_Mtwapa_Kenya	4.55	5.27	0.178	0.251	4.55
49326	Main_Mtwapa_Kenya	5.435	5.493	0.178	0.251	5.435
49327	Main_Mtwapa_Kenya	4.32	5.212	0.178	0.251	4.32
49328	Main_Mtwapa_Kenya	5.155	5.423	0.178	0.251	5.155
49329	Main_Mtwapa_Kenya	7.055	5.902	0.178	0.251	7.055
49330	Main_Mtwapa_Kenya	4.98	5.379	0.178	0.251	4.98
49331	Main_Mtwapa_Kenya	5.235	5.443	0.178	0.251	5.235
49332	Main_Mtwapa_Kenya	3.86	5.096	0.178	0.251	3.86
49333	Main_Mtwapa_Kenya	4.05	5.144	0.178	0.251	4.05
49334	Main_Mtwapa_Kenya	7.035	5.897	0.178	0.251	7.035
49335	Main_Mtwapa_Kenya	5.89	5.608	0.178	0.251	5.89
49336	Main_Mtwapa_Kenya	7.045	5.899	0.178	0.251	7.045
49337	Main_Mtwapa_Kenya	6.46	5.752	0.178	0.251	6.46
49338	Main_Mtwapa_Kenya	5.87	5.603	0.178	0.251	5.87
49339	Main_Mtwapa_Kenya	6.66	5.802	0.178	0.251	6.66
49340	Main_Mtwapa_Kenya	6.365	5.728	0.178	0.251	6.365
49341	Main_Mtwapa_Kenya	5.815	5.589	0.178	0.251	5.815
49342	Main_Mtwapa_Kenya	3.8	5.081	0.178	0.251	3.8
49343	Main_Mtwapa_Kenya	4.95	5.371	0.178	0.251	4.95
49344	Main_Mtwapa_Kenya	7.54	6.024	0.178	0.251	7.54
49345	Main_Mtwapa_Kenya	4.4	5.233	0.178	0.251	4.4
49346	Main_Mtwapa_Kenya	5.25	5.447	0.178	0.251	5.25
49347	Main_Mtwapa_Kenya	5.15	5.422	0.178	0.251	5.15
49348	Main_Mtwapa_Kenya	6.645	5.798	0.178	0.251	6.645
49349	Main_Mtwapa_Kenya	6.695	5.811	0.178	0.251	6.695
49350	Main_Mtwapa_Kenya	4.715	5.312	0.178	0.251	4.715
49351	Main_Mtwapa_Kenya	5.71	5.563	0.178	0.251	5.71
49352	Main_Mtwapa_Kenya	5.49	5.507	0.178	0.251	5.49
49353	Main_Mtwapa_Kenya	5.665	5.551	0.178	0.251	5.665
49354	Main_Mtwapa_Kenya	4.765	5.325	0.178	0.251	4.765
49355	Main_Mtwapa_Kenya	4.925	5.365	0.178	0.251	4.925
49356	Main_Mtwapa_Kenya	5.685	5.556	0.178	0.251	5.685
49360	Main_Mtwapa_Kenya	6.105	5.662	0.178	0.251	6.105
49363	Main_Mtwapa_Kenya	4.665	5.299	0.178	0.251	4.665
49364	Main_Mtwapa_Kenya	5.165	5.425	0.178	0.251	5.165
49365	Main_Mtwapa_Kenya	4.485	5.254	0.178	0.251	4.485
49366	Main_Mtwapa_Kenya	5.13	5.417	0.178	0.251	5.13
49367	Main_Mtwapa_Kenya	5.515	5.514	0.178	0.251	5.515
49368	Main_Mtwapa_Kenya	5.27	5.452	0.178	0.251	5.27
49369	Main_Mtwapa_Kenya	4.81	5.336	0.178	0.251	4.81
49370	Main_Mtwapa_Kenya	7.3	5.964	0.178	0.251	7.3
49371	Main_Mtwapa_Kenya	5.915	5.614	0.178	0.251	5.915
49373	Main_Mtwapa_Kenya	4.39	5.23	0.178	0.251	4.39
49375	Main_Mtwapa_Kenya	5.12	5.414	0.178	0.251	5.12
49376	Main_Mtwapa_Kenya	4.835	5.342	0.178	0.251	4.835
49377	Main_Mtwapa_Kenya	6.47	5.754	0.178	0.251	6.47
49378	Main_Mtwapa_Kenya	4.965	5.375	0.178	0.251	4.965
49379	Main_Mtwapa_Kenya	4.955	5.372	0.178	0.251	4.955
49380	Main_Mtwapa_Kenya	5.35	5.472	0.178	0.251	5.35
49381	Main_Mtwapa_Kenya	6.405	5.738	0.178	0.251	6.405
49382	Main_Mtwapa_Kenya	5.425	5.491	0.178	0.251	5.425
49383	Main_Mtwapa_Kenya	5.02	5.389	0.178	0.251	5.02
49384	Main_Mtwapa_Kenya	5.65	5.548	0.178	0.251	5.65
49385	Main_Mtwapa_Kenya	6.445	5.748	0.178	0.251	6.445
49386	Main_Mtwapa_Kenya	6.4	5.737	0.178	0.251	6.4
49387	Main_Mtwapa_Kenya	4.565	5.274	0.178	0.251	4.565
49388	Main_Mtwapa_Kenya	5.7	5.56	0.178	0.251	5.7
49389	Main_Mtwapa_Kenya	6.675	5.806	0.178	0.251	6.675
49390	Main_Mtwapa_Kenya	5.975	5.63	0.178	0.251	5.975
49391	Main_Mtwapa_Kenya	5.31	5.462	0.178	0.251	5.31
49392	Main_Mtwapa_Kenya	5.29	5.457	0.178	0.251	5.29
49393	Main_Mtwapa_Kenya	4.045	5.143	0.178	0.251	4.045
49394	Main_Mtwapa_Kenya	7.16	5.928	0.178	0.251	7.16
49396	Main_Mtwapa_Kenya	5.3	5.459	0.178	0.251	5.3
49397	Main_Mtwapa_Kenya	6.97	5.88	0.178	0.251	6.97
49398	Main_Mtwapa_Kenya	3.515	5.009	0.178	0.251	3.515
49401	Main_Mtwapa_Kenya	5.54	5.52	0.178	0.251	5.54
49403	Main_Mtwapa_Kenya	5.115	5.413	0.178	0.251	5.115
49404	Main_Mtwapa_Kenya	4.715	5.312	0.178	0.251	4.715
49405	Main_Mtwapa_Kenya	4.56	5.273	0.178	0.251	4.56
49406	Main_Mtwapa_Kenya	5.64	5.545	0.178	0.251	5.64
49407	Main_Mtwapa_Kenya	6.23	5.694	0.178	0.251	6.23
49409	Main_Mtwapa_Kenya	5.44	5.495	0.178	0.251	5.44
49412	Main_Mtwapa_Kenya	4.935	5.367	0.178	0.251	4.935
49414	Main_Mtwapa_Kenya	7.025	5.894	0.178	0.251	7.025
49415	Main_Mtwapa_Kenya	4.355	5.221	0.178	0.251	4.355
49416	Main_Mtwapa_Kenya	7.52	6.019	0.178	0.251	7.52
49417	Main_Mtwapa_Kenya	7.645	6.05	0.178	0.251	7.645
49419	Main_Mtwapa_Kenya	3.695	5.055	0.178	0.251	3.695
49420	Main_Mtwapa_Kenya	5.53	5.517	0.178	0.251	5.53
49421	Main_Mtwapa_Kenya	6.04	5.646	0.178	0.251	6.04
49422	Main_Mtwapa_Kenya	5.31	5.462	0.178	0.251	5.31
49423	Main_Mtwapa_Kenya	5.295	5.458	0.178	0.251	5.295
49425	Main_Mtwapa_Kenya	5.025	5.39	0.178	0.251	5.025
49427	Main_Mtwapa_Kenya	7.21	5.941	0.178	0.251	7.21
49428	Main_Mtwapa_Kenya	5.455	5.498	0.178	0.251	5.455
49429	Main_Mtwapa_Kenya	5.84	5.595	0.178	0.251	5.84
49430	Main_Mtwapa_Kenya	7.355	5.977	0.178	0.251	7.355
49431	Main_Mtwapa_Kenya	5.645	5.546	0.178	0.251	5.645
49432	Main_Mtwapa_Kenya	5.96	5.626	0.178	0.251	5.96
49434	Main_Mtwapa_Kenya	3.82	5.086	0.178	0.251	3.82
49435	Main_Mtwapa_Kenya	5.38	5.48	0.178	0.251	5.38
49436	Main_Mtwapa_Kenya	5.115	5.413	0.178	0.251	5.115
49437	Main_Mtwapa_Kenya	5.405	5.486	0.178	0.251	5.405
49438	Main_Mtwapa_Kenya	5.065	5.4	0.178	0.251	5.065
49441	Main_Mtwapa_Kenya	5.495	5.509	0.178	0.251	5.495
49442	Main_Mtwapa_Kenya	3.915	5.11	0.178	0.251	3.915
49444	Main_Mtwapa_Kenya	4.535	5.267	0.178	0.251	4.535
49445	Main_Mtwapa_Kenya	6.01	5.638	0.178	0.251	6.01
49446	Main_Mtwapa_Kenya	5.895	5.609	0.178	0.251	5.895
49447	Main_Mtwapa_Kenya	5.035	5.393	0.178	0.251	5.035
49448	Main_Mtwapa_Kenya	5.535	5.519	0.178	0.251	5.535
49450	Main_Mtwapa_Kenya	5.21	5.437	0.178	0.251	5.21
49451	Main_Mtwapa_Kenya	6.415	5.74	0.178	0.251	6.415
49452	Main_Mtwapa_Kenya	4.27	5.2	0.178	0.251	4.27
49453	Main_Mtwapa_Kenya	6.865	5.854	0.178	0.251	6.865
49454	Main_Mtwapa_Kenya	5.705	5.561	0.178	0.251	5.705
49455	Main_Mtwapa_Kenya	6.55	5.774	0.178	0.251	6.55
49456	Main_Mtwapa_Kenya	6.26	5.701	0.178	0.251	6.26
49457	Main_Mtwapa_Kenya	6.075	5.655	0.178	0.251	6.075
49458	Main_Mtwapa_Kenya	5.79	5.583	0.178	0.251	5.79
49459	Main_Mtwapa_Kenya	4.58	5.278	0.178	0.251	4.58
49460	Main_Mtwapa_Kenya	4.53	5.265	0.178	0.251	4.53
49461	Main_Mtwapa_Kenya	5.26	5.449	0.178	0.251	5.26
49462	Main_Mtwapa_Kenya	6.595	5.786	0.178	0.251	6.595
49463	Main_Mtwapa_Kenya	8.445	6.252	0.178	0.251	8.445
49464	Main_Mtwapa_Kenya	6.265	5.703	0.178	0.251	6.265
49465	Main_Mtwapa_Kenya	4.655	5.297	0.178	0.251	4.655
49466	Main_Mtwapa_Kenya	6.015	5.64	0.178	0.251	6.015
49467	Main_Mtwapa_Kenya	4.15	5.169	0.178	0.251	4.15
49468	Main_Mtwapa_Kenya	6.35	5.724	0.178	0.251	6.35
49469	Main_Mtwapa_Kenya	3.41	4.983	0.178	0.251	3.41
49470	Main_Mtwapa_Kenya	7.46	6.004	0.178	0.251	7.46
49471	Main_Mtwapa_Kenya	5.04	5.394	0.178	0.251	5.04
49473	Main_Mtwapa_Kenya	2.81	4.832	0.178	0.251	2.81
49479	Main_Mtwapa_Kenya	5.265	5.451	0.178	0.251	5.265
49480	Main_Mtwapa_Kenya	5.255	5.448	0.178	0.251	5.255
49481	Main_Mtwapa_Kenya	5.76	5.575	0.178	0.251	5.76
49482	Main_Mtwapa_Kenya	3.955	5.12	0.178	0.251	3.955
49483	Main_Mtwapa_Kenya	7.04	5.898	0.178	0.251	7.04
49484	Main_Mtwapa_Kenya	4.98	5.379	0.178	0.251	4.98
49486	Main_Mtwapa_Kenya	4.015	5.135	0.178	0.251	4.015
49492	Main_Mtwapa_Kenya	6.84	5.848	0.178	0.251	6.84
49493	Main_Mtwapa_Kenya	4.73	5.316	0.178	0.251	4.73
49494	Main_Mtwapa_Kenya	6.575	5.781	0.178	0.251	6.575
49495	Main_Mtwapa_Kenya	4.735	5.317	0.178	0.251	4.735
49500	Main_Mtwapa_Kenya	5.71	5.563	0.178	0.251	5.71
49501	Main_Mtwapa_Kenya	5.325	5.466	0.178	0.251	5.325
49502	Main_Mtwapa_Kenya	5.23	5.442	0.178	0.251	5.23
49504	Main_Mtwapa_Kenya	6.29	5.709	0.178	0.251	6.29
49505	Main_Mtwapa_Kenya	5.63	5.543	0.178	0.251	5.63
49507	Main_Mtwapa_Kenya	6.595	5.786	0.178	0.251	6.595
49509	Main_Mtwapa_Kenya	4.92	5.364	0.178	0.251	4.92
49511	Main_Mtwapa_Kenya	5.87	5.603	0.178	0.251	5.87
49512	Main_Mtwapa_Kenya	5.27	5.452	0.178	0.251	5.27
49514	Main_Mtwapa_Kenya	4.99	5.381	0.178	0.251	4.99
49515	Main_Mtwapa_Kenya	5.305	5.461	0.178	0.251	5.305
49516	Main_Mtwapa_Kenya	6.925	5.869	0.178	0.251	6.925
49518	Main_Mtwapa_Kenya	5.62	5.54	0.178	0.251	5.62
49525	Main_Mtwapa_Kenya	4.315	5.211	0.178	0.251	4.315
49526	Main_Mtwapa_Kenya	5.095	5.408	0.178	0.251	5.095
49527	Main_Mtwapa_Kenya	6.675	5.806	0.178	0.251	6.675
49535	Main_Mtwapa_Kenya	6.795	5.836	0.178	0.251	6.795
49537	Main_Mtwapa_Kenya	6.59	5.785	0.178	0.251	6.59
49538	Main_Mtwapa_Kenya	5.54	5.52	0.178	0.251	5.54
49541	Main_Mtwapa_Kenya	4.375	5.226	0.178	0.251	4.375
49543	Main_Mtwapa_Kenya	5.75	5.573	0.178	0.251	5.75
49545	Main_Mtwapa_Kenya	4.635	5.292	0.178	0.251	4.635
49308	Off_Isinya_Kenya	4.57	4.49	0.018	0.082	4.57
49309	Off_Isinya_Kenya	4.065	4.448	0.018	0.082	4.065
49310	Off_Isinya_Kenya	4.94	4.52	0.018	0.082	4.94
49313	Off_Isinya_Kenya	4.05	4.447	0.018	0.082	4.05
49314	Off_Isinya_Kenya	4.35	4.471	0.018	0.082	4.35
49315	Off_Isinya_Kenya	4.23	4.462	0.018	0.082	4.23
49317	Off_Isinya_Kenya	4.52	4.485	0.018	0.082	4.52
49318	Off_Isinya_Kenya	3.51	4.402	0.018	0.082	3.51
49319	Off_Isinya_Kenya	4.36	4.472	0.018	0.082	4.36
49321	Off_Isinya_Kenya	4.5	4.484	0.018	0.082	4.5
49322	Off_Isinya_Kenya	3.03	4.363	0.018	0.082	3.03
49323	Off_Isinya_Kenya	4.435	4.478	0.018	0.082	4.435
49324	Off_Isinya_Kenya	4.245	4.463	0.018	0.082	4.245
49326	Off_Isinya_Kenya	4.205	4.46	0.018	0.082	4.205
49327	Off_Isinya_Kenya	3.24	4.38	0.018	0.082	3.24
49328	Off_Isinya_Kenya	3.83	4.429	0.018	0.082	3.83
49329	Off_Isinya_Kenya	4.15	4.455	0.018	0.082	4.15
49330	Off_Isinya_Kenya	4.24	4.462	0.018	0.082	4.24
49331	Off_Isinya_Kenya	5.185	4.54	0.018	0.082	5.185
49332	Off_Isinya_Kenya	4.13	4.453	0.018	0.082	4.13
49333	Off_Isinya_Kenya	5.005	4.525	0.018	0.082	5.005
49334	Off_Isinya_Kenya	4.45	4.48	0.018	0.082	4.45
49335	Off_Isinya_Kenya	5.005	4.525	0.018	0.082	5.005
49336	Off_Isinya_Kenya	4.485	4.483	0.018	0.082	4.485
49337	Off_Isinya_Kenya	4.485	4.483	0.018	0.082	4.485
49338	Off_Isinya_Kenya	4.86	4.513	0.018	0.082	4.86
49339	Off_Isinya_Kenya	4.645	4.496	0.018	0.082	4.645
49340	Off_Isinya_Kenya	4.05	4.447	0.018	0.082	4.05
49341	Off_Isinya_Kenya	4.58	4.49	0.018	0.082	4.58
49342	Off_Isinya_Kenya	4.195	4.459	0.018	0.082	4.195
49343	Off_Isinya_Kenya	4.79	4.508	0.018	0.082	4.79
49344	Off_Isinya_Kenya	4.855	4.513	0.018	0.082	4.855
49345	Off_Isinya_Kenya	4.68	4.499	0.018	0.082	4.68
49346	Off_Isinya_Kenya	5.465	4.563	0.018	0.082	5.465
49347	Off_Isinya_Kenya	4.675	4.498	0.018	0.082	4.675
49348	Off_Isinya_Kenya	4.97	4.522	0.018	0.082	4.97
49349	Off_Isinya_Kenya	4.535	4.487	0.018	0.082	4.535
49350	Off_Isinya_Kenya	3.88	4.433	0.018	0.082	3.88
49351	Off_Isinya_Kenya	4.96	4.522	0.018	0.082	4.96
49352	Off_Isinya_Kenya	3.665	4.415	0.018	0.082	3.665
49353	Off_Isinya_Kenya	4.74	4.504	0.018	0.082	4.74
49354	Off_Isinya_Kenya	4.42	4.477	0.018	0.082	4.42
49355	Off_Isinya_Kenya	3.84	4.429	0.018	0.082	3.84
49356	Off_Isinya_Kenya	4.045	4.446	0.018	0.082	4.045
49360	Off_Isinya_Kenya	3.775	4.424	0.018	0.082	3.775
49363	Off_Isinya_Kenya	4.435	4.478	0.018	0.082	4.435
49364	Off_Isinya_Kenya	4.485	4.483	0.018	0.082	4.485
49365	Off_Isinya_Kenya	5.035	4.528	0.018	0.082	5.035
49366	Off_Isinya_Kenya	3.585	4.409	0.018	0.082	3.585
49367	Off_Isinya_Kenya	4.725	4.502	0.018	0.082	4.725
49368	Off_Isinya_Kenya	4.55	4.488	0.018	0.082	4.55
49369	Off_Isinya_Kenya	4.045	4.446	0.018	0.082	4.045
49370	Off_Isinya_Kenya	4.325	4.469	0.018	0.082	4.325
49371	Off_Isinya_Kenya	4.575	4.49	0.018	0.082	4.575
49373	Off_Isinya_Kenya	4.895	4.516	0.018	0.082	4.895
49375	Off_Isinya_Kenya	4.015	4.444	0.018	0.082	4.015
49376	Off_Isinya_Kenya	4.795	4.508	0.018	0.082	4.795
49377	Off_Isinya_Kenya	4.745	4.504	0.018	0.082	4.745
49378	Off_Isinya_Kenya	5.18	4.54	0.018	0.082	5.18
49379	Off_Isinya_Kenya	4.425	4.478	0.018	0.082	4.425
49380	Off_Isinya_Kenya	4.335	4.47	0.018	0.082	4.335
49381	Off_Isinya_Kenya	4.43	4.478	0.018	0.082	4.43
49382	Off_Isinya_Kenya	3.795	4.426	0.018	0.082	3.795
49383	Off_Isinya_Kenya	3.79	4.425	0.018	0.082	3.79
49384	Off_Isinya_Kenya	4.33	4.47	0.018	0.082	4.33
49385	Off_Isinya_Kenya	4.86	4.513	0.018	0.082	4.86
49386	Off_Isinya_Kenya	5.02	4.527	0.018	0.082	5.02
49387	Off_Isinya_Kenya	4.675	4.498	0.018	0.082	4.675
49388	Off_Isinya_Kenya	4.325	4.469	0.018	0.082	4.325
49389	Off_Isinya_Kenya	4.07	4.448	0.018	0.082	4.07
49390	Off_Isinya_Kenya	4.635	4.495	0.018	0.082	4.635
49391	Off_Isinya_Kenya	4.56	4.489	0.018	0.082	4.56
49392	Off_Isinya_Kenya	4.05	4.447	0.018	0.082	4.05
49393	Off_Isinya_Kenya	4.63	4.494	0.018	0.082	4.63
49394	Off_Isinya_Kenya	4.81	4.509	0.018	0.082	4.81
49396	Off_Isinya_Kenya	5.35	4.554	0.018	0.082	5.35
49397	Off_Isinya_Kenya	4.225	4.461	0.018	0.082	4.225
49398	Off_Isinya_Kenya	3.765	4.423	0.018	0.082	3.765
49401	Off_Isinya_Kenya	4.025	4.445	0.018	0.082	4.025
49403	Off_Isinya_Kenya	3.835	4.429	0.018	0.082	3.835
49404	Off_Isinya_Kenya	5.205	4.542	0.018	0.082	5.205
49405	Off_Isinya_Kenya	4.23	4.462	0.018	0.082	4.23
49406	Off_Isinya_Kenya	4.735	4.503	0.018	0.082	4.735
49407	Off_Isinya_Kenya	3.465	4.399	0.018	0.082	3.465
49409	Off_Isinya_Kenya	4.965	4.522	0.018	0.082	4.965
49412	Off_Isinya_Kenya	5.015	4.526	0.018	0.082	5.015
49414	Off_Isinya_Kenya	4.59	4.491	0.018	0.082	4.59
49415	Off_Isinya_Kenya	4.74	4.504	0.018	0.082	4.74
49416	Off_Isinya_Kenya	3.99	4.442	0.018	0.082	3.99
49417	Off_Isinya_Kenya	4.435	4.478	0.018	0.082	4.435
49419	Off_Isinya_Kenya	5.355	4.554	0.018	0.082	5.355
49420	Off_Isinya_Kenya	4.92	4.518	0.018	0.082	4.92
49421	Off_Isinya_Kenya	5.56	4.571	0.018	0.082	5.56
49422	Off_Isinya_Kenya	5.14	4.536	0.018	0.082	5.14
49423	Off_Isinya_Kenya	4.4	4.476	0.018	0.082	4.4
49425	Off_Isinya_Kenya	3.685	4.417	0.018	0.082	3.685
49427	Off_Isinya_Kenya	4.295	4.467	0.018	0.082	4.295
49428	Off_Isinya_Kenya	3.825	4.428	0.018	0.082	3.825
49429	Off_Isinya_Kenya	4.415	4.477	0.018	0.082	4.415
49430	Off_Isinya_Kenya	4.25	4.463	0.018	0.082	4.25
49431	Off_Isinya_Kenya	4.31	4.468	0.018	0.082	4.31
49432	Off_Isinya_Kenya	4.345	4.471	0.018	0.082	4.345
49434	Off_Isinya_Kenya	3.845	4.43	0.018	0.082	3.845
49435	Off_Isinya_Kenya	4.76	4.505	0.018	0.082	4.76
49436	Off_Isinya_Kenya	3.945	4.438	0.018	0.082	3.945
49437	Off_Isinya_Kenya	4.755	4.505	0.018	0.082	4.755
49438	Off_Isinya_Kenya	4.15	4.455	0.018	0.082	4.15
49441	Off_Isinya_Kenya	4.595	4.492	0.018	0.082	4.595
49442	Off_Isinya_Kenya	4.795	4.508	0.018	0.082	4.795
49444	Off_Isinya_Kenya	4.6	4.492	0.018	0.082	4.6
49445	Off_Isinya_Kenya	5.08	4.531	0.018	0.082	5.08
49446	Off_Isinya_Kenya	4.63	4.494	0.018	0.082	4.63
49447	Off_Isinya_Kenya	3.88	4.433	0.018	0.082	3.88
49448	Off_Isinya_Kenya	4.505	4.484	0.018	0.082	4.505
49450	Off_Isinya_Kenya	3.85	4.43	0.018	0.082	3.85
49451	Off_Isinya_Kenya	4.115	4.452	0.018	0.082	4.115
49452	Off_Isinya_Kenya	4.175	4.457	0.018	0.082	4.175
49453	Off_Isinya_Kenya	4.875	4.515	0.018	0.082	4.875
49454	Off_Isinya_Kenya	5.035	4.528	0.018	0.082	5.035
49455	Off_Isinya_Kenya	3.385	4.392	0.018	0.082	3.385
49456	Off_Isinya_Kenya	4.335	4.47	0.018	0.082	4.335
49457	Off_Isinya_Kenya	4.685	4.499	0.018	0.082	4.685
49458	Off_Isinya_Kenya	3.985	4.441	0.018	0.082	3.985
49459	Off_Isinya_Kenya	3.95	4.439	0.018	0.082	3.95
49460	Off_Isinya_Kenya	4.865	4.514	0.018	0.082	4.865
49461	Off_Isinya_Kenya	3.32	4.387	0.018	0.082	3.32
49462	Off_Isinya_Kenya	5.395	4.557	0.018	0.082	5.395
49463	Off_Isinya_Kenya	5.21	4.542	0.018	0.082	5.21
49464	Off_Isinya_Kenya	4.25	4.463	0.018	0.082	4.25
49465	Off_Isinya_Kenya	4.18	4.457	0.018	0.082	4.18
49466	Off_Isinya_Kenya	3.99	4.442	0.018	0.082	3.99
49467	Off_Isinya_Kenya	5.165	4.538	0.018	0.082	5.165
49468	Off_Isinya_Kenya	5.495	4.566	0.018	0.082	5.495
49469	Off_Isinya_Kenya	4.885	4.515	0.018	0.082	4.885
49470	Off_Isinya_Kenya	3.99	4.442	0.018	0.082	3.99
49471	Off_Isinya_Kenya	3.915	4.436	0.018	0.082	3.915
49473	Off_Isinya_Kenya	4.815	4.51	0.018	0.082	4.815
49479	Off_Isinya_Kenya	5.04	4.528	0.018	0.082	5.04
49480	Off_Isinya_Kenya	4.57	4.49	0.018	0.082	4.57
49481	Off_Isinya_Kenya	4.4	4.476	0.018	0.082	4.4
49482	Off_Isinya_Kenya	5.305	4.55	0.018	0.082	5.305
49483	Off_Isinya_Kenya	4.23	4.462	0.018	0.082	4.23
49484	Off_Isinya_Kenya	4.19	4.458	0.018	0.082	4.19
49486	Off_Isinya_Kenya	4.825	4.511	0.018	0.082	4.825
49492	Off_Isinya_Kenya	4.97	4.522	0.018	0.082	4.97
49493	Off_Isinya_Kenya	4.23	4.462	0.018	0.082	4.23
49494	Off_Isinya_Kenya	5.015	4.526	0.018	0.082	5.015
49495	Off_Isinya_Kenya	4.845	4.512	0.018	0.082	4.845
49500	Off_Isinya_Kenya	4.6	4.492	0.018	0.082	4.6
49501	Off_Isinya_Kenya	4.535	4.487	0.018	0.082	4.535
49502	Off_Isinya_Kenya	5.055	4.529	0.018	0.082	5.055
49504	Off_Isinya_Kenya	3.705	4.418	0.018	0.082	3.705
49505	Off_Isinya_Kenya	4.605	4.492	0.018	0.082	4.605
49507	Off_Isinya_Kenya	5.39	4.557	0.018	0.082	5.39
49509	Off_Isinya_Kenya	4.385	4.474	0.018	0.082	4.385
49511	Off_Isinya_Kenya	5.185	4.54	0.018	0.082	5.185
49512	Off_Isinya_Kenya	4.435	4.478	0.018	0.082	4.435
49514	Off_Isinya_Kenya	5.225	4.543	0.018	0.082	5.225
49515	Off_Isinya_Kenya	4.14	4.454	0.018	0.082	4.14
49516	Off_Isinya_Kenya	5.04	4.528	0.018	0.082	5.04
49518	Off_Isinya_Kenya	5.115	4.534	0.018	0.082	5.115
49525	Off_Isinya_Kenya	5.02	4.527	0.018	0.082	5.02
49526	Off_Isinya_Kenya	4.475	4.482	0.018	0.082	4.475
49527	Off_Isinya_Kenya	4.225	4.461	0.018	0.082	4.225
49535	Off_Isinya_Kenya	4.595	4.492	0.018	0.082	4.595
49537	Off_Isinya_Kenya	4.265	4.464	0.018	0.082	4.265
49538	Off_Isinya_Kenya	4.48	4.482	0.018	0.082	4.48
49541	Off_Isinya_Kenya	4.98	4.523	0.018	0.082	4.98
49543	Off_Isinya_Kenya	4.77	4.506	0.018	0.082	4.77
49545	Off_Isinya_Kenya	4.705	4.501	0.018	0.082	4.705
49308	Off_Kiboko_Kenya	2.685	2.57	0	0.002	2.685
49309	Off_Kiboko_Kenya	2.555	2.57	0	0.002	2.555
49310	Off_Kiboko_Kenya	2.365	2.57	0	0.002	2.365
49313	Off_Kiboko_Kenya	1.975	2.569	0	0.002	1.975
49314	Off_Kiboko_Kenya	2.38	2.57	0	0.002	2.38
49315	Off_Kiboko_Kenya	2.255	2.57	0	0.002	2.255
49317	Off_Kiboko_Kenya	3.055	2.571	0	0.002	3.055
49318	Off_Kiboko_Kenya	2.695	2.57	0	0.002	2.695
49319	Off_Kiboko_Kenya	2.345	2.57	0	0.002	2.345
49321	Off_Kiboko_Kenya	2.295	2.57	0	0.002	2.295
49322	Off_Kiboko_Kenya	2.54	2.57	0	0.002	2.54
49323	Off_Kiboko_Kenya	2	2.569	0	0.002	2
49324	Off_Kiboko_Kenya	2.31	2.57	0	0.002	2.31
49326	Off_Kiboko_Kenya	2.375	2.57	0	0.002	2.375
49327	Off_Kiboko_Kenya	1.965	2.569	0	0.002	1.965
49328	Off_Kiboko_Kenya	2.95	2.571	0	0.002	2.95
49329	Off_Kiboko_Kenya	2.035	2.569	0	0.002	2.035
49330	Off_Kiboko_Kenya	2.89	2.571	0	0.002	2.89
49331	Off_Kiboko_Kenya	1.85	2.569	0	0.002	1.85
49332	Off_Kiboko_Kenya	2.825	2.571	0	0.002	2.825
49333	Off_Kiboko_Kenya	2.49	2.57	0	0.002	2.49
49334	Off_Kiboko_Kenya	2.335	2.57	0	0.002	2.335
49335	Off_Kiboko_Kenya	2.61	2.57	0	0.002	2.61
49336	Off_Kiboko_Kenya	3.385	2.571	0	0.002	3.385
49337	Off_Kiboko_Kenya	2.26	2.57	0	0.002	2.26
49338	Off_Kiboko_Kenya	2.94	2.571	0	0.002	2.94
49339	Off_Kiboko_Kenya	3.095	2.571	0	0.002	3.095
49340	Off_Kiboko_Kenya	1.835	2.569	0	0.002	1.835
49341	Off_Kiboko_Kenya	1.655	2.569	0	0.002	1.655
49342	Off_Kiboko_Kenya	1.54	2.569	0	0.002	1.54
49343	Off_Kiboko_Kenya	3.065	2.571	0	0.002	3.065
49344	Off_Kiboko_Kenya	3.1	2.571	0	0.002	3.1
49345	Off_Kiboko_Kenya	2.36	2.57	0	0.002	2.36
49346	Off_Kiboko_Kenya	1.195	2.568	0	0.002	1.195
49347	Off_Kiboko_Kenya	4.155	2.573	0	0.002	4.155
49348	Off_Kiboko_Kenya	2.43	2.57	0	0.002	2.43
49349	Off_Kiboko_Kenya	2.145	2.569	0	0.002	2.145
49350	Off_Kiboko_Kenya	3.48	2.572	0	0.002	3.48
49351	Off_Kiboko_Kenya	3.115	2.571	0	0.002	3.115
49352	Off_Kiboko_Kenya	2.625	2.57	0	0.002	2.625
49353	Off_Kiboko_Kenya	3.07	2.571	0	0.002	3.07
49354	Off_Kiboko_Kenya	2.985	2.571	0	0.002	2.985
49355	Off_Kiboko_Kenya	3.17	2.571	0	0.002	3.17
49356	Off_Kiboko_Kenya	1.655	2.569	0	0.002	1.655
49360	Off_Kiboko_Kenya	2.63	2.57	0	0.002	2.63
49363	Off_Kiboko_Kenya	1.81	2.569	0	0.002	1.81
49364	Off_Kiboko_Kenya	3.64	2.572	0	0.002	3.64
49365	Off_Kiboko_Kenya	1.905	2.569	0	0.002	1.905
49366	Off_Kiboko_Kenya	1.965	2.569	0	0.002	1.965
49367	Off_Kiboko_Kenya	2.76	2.57	0	0.002	2.76
49368	Off_Kiboko_Kenya	2.52	2.57	0	0.002	2.52
49369	Off_Kiboko_Kenya	1.67	2.569	0	0.002	1.67
49370	Off_Kiboko_Kenya	3.12	2.571	0	0.002	3.12
49371	Off_Kiboko_Kenya	2.02	2.569	0	0.002	2.02
49373	Off_Kiboko_Kenya	3.87	2.572	0	0.002	3.87
49375	Off_Kiboko_Kenya	2.67	2.57	0	0.002	2.67
49376	Off_Kiboko_Kenya	2.28	2.57	0	0.002	2.28
49377	Off_Kiboko_Kenya	2.64	2.57	0	0.002	2.64
49378	Off_Kiboko_Kenya	3.32	2.571	0	0.002	3.32
49379	Off_Kiboko_Kenya	1.96	2.569	0	0.002	1.96
49380	Off_Kiboko_Kenya	1.36	2.568	0	0.002	1.36
49381	Off_Kiboko_Kenya	1.775	2.569	0	0.002	1.775
49382	Off_Kiboko_Kenya	2.075	2.569	0	0.002	2.075
49383	Off_Kiboko_Kenya	2.995	2.571	0	0.002	2.995
49384	Off_Kiboko_Kenya	2.705	2.57	0	0.002	2.705
49385	Off_Kiboko_Kenya	2.42	2.57	0	0.002	2.42
49386	Off_Kiboko_Kenya	3.21	2.571	0	0.002	3.21
49387	Off_Kiboko_Kenya	2.61	2.57	0	0.002	2.61
49388	Off_Kiboko_Kenya	3.09	2.571	0	0.002	3.09
49389	Off_Kiboko_Kenya	2.705	2.57	0	0.002	2.705
49390	Off_Kiboko_Kenya	2.185	2.57	0	0.002	2.185
49391	Off_Kiboko_Kenya	2.87	2.571	0	0.002	2.87
49392	Off_Kiboko_Kenya	3.02	2.571	0	0.002	3.02
49393	Off_Kiboko_Kenya	2.265	2.57	0	0.002	2.265
49394	Off_Kiboko_Kenya	2.445	2.57	0	0.002	2.445
49396	Off_Kiboko_Kenya	1.995	2.569	0	0.002	1.995
49397	Off_Kiboko_Kenya	2.1	2.569	0	0.002	2.1
49398	Off_Kiboko_Kenya	3.5	2.572	0	0.002	3.5
49401	Off_Kiboko_Kenya	2.395	2.57	0	0.002	2.395
49403	Off_Kiboko_Kenya	3.505	2.572	0	0.002	3.505
49404	Off_Kiboko_Kenya	2.845	2.571	0	0.002	2.845
49405	Off_Kiboko_Kenya	3.59	2.572	0	0.002	3.59
49406	Off_Kiboko_Kenya	3.38	2.571	0	0.002	3.38
49407	Off_Kiboko_Kenya	1.39	2.568	0	0.002	1.39
49409	Off_Kiboko_Kenya	2.625	2.57	0	0.002	2.625
49412	Off_Kiboko_Kenya	2.085	2.569	0	0.002	2.085
49414	Off_Kiboko_Kenya	3.14	2.571	0	0.002	3.14
49415	Off_Kiboko_Kenya	2.54	2.57	0	0.002	2.54
49416	Off_Kiboko_Kenya	2.895	2.571	0	0.002	2.895
49417	Off_Kiboko_Kenya	1.01	2.568	0	0.002	1.01
49419	Off_Kiboko_Kenya	3.33	2.571	0	0.002	3.33
49420	Off_Kiboko_Kenya	1.64	2.569	0	0.002	1.64
49421	Off_Kiboko_Kenya	1.955	2.569	0	0.002	1.955
49422	Off_Kiboko_Kenya	2.62	2.57	0	0.002	2.62
49423	Off_Kiboko_Kenya	3.19	2.571	0	0.002	3.19
49425	Off_Kiboko_Kenya	2.035	2.569	0	0.002	2.035
49427	Off_Kiboko_Kenya	2.36	2.57	0	0.002	2.36
49428	Off_Kiboko_Kenya	2.28	2.57	0	0.002	2.28
49429	Off_Kiboko_Kenya	1.655	2.569	0	0.002	1.655
49430	Off_Kiboko_Kenya	2.36	2.57	0	0.002	2.36
49431	Off_Kiboko_Kenya	3.155	2.571	0	0.002	3.155
49432	Off_Kiboko_Kenya	1.705	2.569	0	0.002	1.705
49434	Off_Kiboko_Kenya	2	2.569	0	0.002	2
49435	Off_Kiboko_Kenya	2.6	2.57	0	0.002	2.6
49436	Off_Kiboko_Kenya	2.64	2.57	0	0.002	2.64
49437	Off_Kiboko_Kenya	1.96	2.569	0	0.002	1.96
49438	Off_Kiboko_Kenya	2.42	2.57	0	0.002	2.42
49441	Off_Kiboko_Kenya	2.595	2.57	0	0.002	2.595
49442	Off_Kiboko_Kenya	2.335	2.57	0	0.002	2.335
49444	Off_Kiboko_Kenya	2.36	2.57	0	0.002	2.36
49445	Off_Kiboko_Kenya	2.78	2.57	0	0.002	2.78
49446	Off_Kiboko_Kenya	3.175	2.571	0	0.002	3.175
49447	Off_Kiboko_Kenya	2.775	2.57	0	0.002	2.775
49448	Off_Kiboko_Kenya	2.57	2.57	0	0.002	2.57
49450	Off_Kiboko_Kenya	3.2	2.571	0	0.002	3.2
49451	Off_Kiboko_Kenya	2.68	2.57	0	0.002	2.68
49452	Off_Kiboko_Kenya	2.48	2.57	0	0.002	2.48
49453	Off_Kiboko_Kenya	2.055	2.569	0	0.002	2.055
49454	Off_Kiboko_Kenya	2.17	2.57	0	0.002	2.17
49455	Off_Kiboko_Kenya	2.935	2.571	0	0.002	2.935
49456	Off_Kiboko_Kenya	2.42	2.57	0	0.002	2.42
49457	Off_Kiboko_Kenya	2.925	2.571	0	0.002	2.925
49458	Off_Kiboko_Kenya	2.925	2.571	0	0.002	2.925
49459	Off_Kiboko_Kenya	3.355	2.571	0	0.002	3.355
49460	Off_Kiboko_Kenya	2.735	2.57	0	0.002	2.735
49461	Off_Kiboko_Kenya	2.465	2.57	0	0.002	2.465
49462	Off_Kiboko_Kenya	3.025	2.571	0	0.002	3.025
49463	Off_Kiboko_Kenya	2.665	2.57	0	0.002	2.665
49464	Off_Kiboko_Kenya	2.81	2.571	0	0.002	2.81
49465	Off_Kiboko_Kenya	3.56	2.572	0	0.002	3.56
49466	Off_Kiboko_Kenya	2.44	2.57	0	0.002	2.44
49467	Off_Kiboko_Kenya	2.615	2.57	0	0.002	2.615
49468	Off_Kiboko_Kenya	1.485	2.568	0	0.002	1.485
49469	Off_Kiboko_Kenya	2.62	2.57	0	0.002	2.62
49470	Off_Kiboko_Kenya	3.24	2.571	0	0.002	3.24
49471	Off_Kiboko_Kenya	2.09	2.569	0	0.002	2.09
49473	Off_Kiboko_Kenya	4.26	2.573	0	0.002	4.26
49479	Off_Kiboko_Kenya	1.75	2.569	0	0.002	1.75
49480	Off_Kiboko_Kenya	2.575	2.57	0	0.002	2.575
49481	Off_Kiboko_Kenya	2.49	2.57	0	0.002	2.49
49482	Off_Kiboko_Kenya	3.115	2.571	0	0.002	3.115
49483	Off_Kiboko_Kenya	2.215	2.57	0	0.002	2.215
49484	Off_Kiboko_Kenya	2	2.569	0	0.002	2
49486	Off_Kiboko_Kenya	2.9	2.571	0	0.002	2.9
49492	Off_Kiboko_Kenya	3.275	2.571	0	0.002	3.275
49493	Off_Kiboko_Kenya	3.06	2.571	0	0.002	3.06
49494	Off_Kiboko_Kenya	3.105	2.571	0	0.002	3.105
49495	Off_Kiboko_Kenya	2.51	2.57	0	0.002	2.51
49500	Off_Kiboko_Kenya	2.295	2.57	0	0.002	2.295
49501	Off_Kiboko_Kenya	2.56	2.57	0	0.002	2.56
49502	Off_Kiboko_Kenya	2.395	2.57	0	0.002	2.395
49504	Off_Kiboko_Kenya	2.84	2.571	0	0.002	2.84
49505	Off_Kiboko_Kenya	2.255	2.57	0	0.002	2.255
49507	Off_Kiboko_Kenya	3.025	2.571	0	0.002	3.025
49509	Off_Kiboko_Kenya	2.42	2.57	0	0.002	2.42
49511	Off_Kiboko_Kenya	2.965	2.571	0	0.002	2.965
49512	Off_Kiboko_Kenya	2.79	2.57	0	0.002	2.79
49514	Off_Kiboko_Kenya	3.335	2.571	0	0.002	3.335
49515	Off_Kiboko_Kenya	2.09	2.569	0	0.002	2.09
49516	Off_Kiboko_Kenya	2.92	2.571	0	0.002	2.92
49518	Off_Kiboko_Kenya	2.565	2.57	0	0.002	2.565
49525	Off_Kiboko_Kenya	1.65	2.569	0	0.002	1.65
49526	Off_Kiboko_Kenya	2.56	2.57	0	0.002	2.56
49527	Off_Kiboko_Kenya	2.6	2.57	0	0.002	2.6
49535	Off_Kiboko_Kenya	2.56	2.57	0	0.002	2.56
49537	Off_Kiboko_Kenya	2.46	2.57	0	0.002	2.46
49538	Off_Kiboko_Kenya	3.37	2.571	0	0.002	3.37
49541	Off_Kiboko_Kenya	2.925	2.571	0	0.002	2.925
49543	Off_Kiboko_Kenya	3.115	2.571	0	0.002	3.115
49545	Off_Kiboko_Kenya	2.04	2.569	0	0.002	2.04
49308	Off_Nanga_Zambia	1.04	1.012	0.004	0.029	1.04
49309	Off_Nanga_Zambia	0.805	1.005	0.004	0.029	0.805
49310	Off_Nanga_Zambia	0.66	1.001	0.004	0.029	0.66
49313	Off_Nanga_Zambia	0.845	1.007	0.004	0.029	0.845
49314	Off_Nanga_Zambia	0.875	1.007	0.004	0.029	0.875
49315	Off_Nanga_Zambia	0.595	0.999	0.004	0.029	0.595
49317	Off_Nanga_Zambia	0.87	1.007	0.004	0.029	0.87
49318	Off_Nanga_Zambia	0.515	0.997	0.004	0.029	0.515
49319	Off_Nanga_Zambia	0.9	1.008	0.004	0.029	0.9
49321	Off_Nanga_Zambia	0.76	1.004	0.004	0.029	0.76
49322	Off_Nanga_Zambia	1.945	1.039	0.004	0.029	1.945
49323	Off_Nanga_Zambia	0.7	1.002	0.004	0.029	0.7
49324	Off_Nanga_Zambia	0.94	1.009	0.004	0.029	0.94
49326	Off_Nanga_Zambia	0.42	0.994	0.004	0.029	0.42
49327	Off_Nanga_Zambia	1.185	1.017	0.004	0.029	1.185
49328	Off_Nanga_Zambia	0.835	1.006	0.004	0.029	0.835
49329	Off_Nanga_Zambia	0.85	1.007	0.004	0.029	0.85
49330	Off_Nanga_Zambia	1.12	1.015	0.004	0.029	1.12
49331	Off_Nanga_Zambia	1.295	1.02	0.004	0.029	1.295
49332	Off_Nanga_Zambia	1.26	1.019	0.004	0.029	1.26
49333	Off_Nanga_Zambia	0.69	1.002	0.004	0.029	0.69
49334	Off_Nanga_Zambia	1.305	1.02	0.004	0.029	1.305
49335	Off_Nanga_Zambia	0.475	0.996	0.004	0.029	0.475
49336	Off_Nanga_Zambia	1.32	1.021	0.004	0.029	1.32
49337	Off_Nanga_Zambia	0.465	0.995	0.004	0.029	0.465
49338	Off_Nanga_Zambia	1.11	1.014	0.004	0.029	1.11
49339	Off_Nanga_Zambia	1.53	1.027	0.004	0.029	1.53
49340	Off_Nanga_Zambia	0.59	0.999	0.004	0.029	0.59
49341	Off_Nanga_Zambia	1.735	1.033	0.004	0.029	1.735
49342	Off_Nanga_Zambia	1.12	1.015	0.004	0.029	1.12
49343	Off_Nanga_Zambia	1.21	1.017	0.004	0.029	1.21
49344	Off_Nanga_Zambia	1.37	1.022	0.004	0.029	1.37
49345	Off_Nanga_Zambia	1.06	1.013	0.004	0.029	1.06
49346	Off_Nanga_Zambia	1.4	1.023	0.004	0.029	1.4
49347	Off_Nanga_Zambia	1.485	1.025	0.004	0.029	1.485
49348	Off_Nanga_Zambia	0.685	1.002	0.004	0.029	0.685
49349	Off_Nanga_Zambia	1.01	1.011	0.004	0.029	1.01
49350	Off_Nanga_Zambia	0.385	0.993	0.004	0.029	0.385
49351	Off_Nanga_Zambia	1	1.011	0.004	0.029	1
49352	Off_Nanga_Zambia	0.895	1.008	0.004	0.029	0.895
49353	Off_Nanga_Zambia	1.495	1.026	0.004	0.029	1.495
49354	Off_Nanga_Zambia	0.535	0.997	0.004	0.029	0.535
49355	Off_Nanga_Zambia	0.91	1.008	0.004	0.029	0.91
49356	Off_Nanga_Zambia	1.2	1.017	0.004	0.029	1.2
49360	Off_Nanga_Zambia	0.61	1	0.004	0.029	0.61
49363	Off_Nanga_Zambia	0.805	1.005	0.004	0.029	0.805
49364	Off_Nanga_Zambia	1.625	1.03	0.004	0.029	1.625
49365	Off_Nanga_Zambia	1.155	1.016	0.004	0.029	1.155
49366	Off_Nanga_Zambia	1.08	1.013	0.004	0.029	1.08
49367	Off_Nanga_Zambia	1.135	1.015	0.004	0.029	1.135
49368	Off_Nanga_Zambia	0.725	1.003	0.004	0.029	0.725
49369	Off_Nanga_Zambia	0.68	1.002	0.004	0.029	0.68
49370	Off_Nanga_Zambia	0.875	1.007	0.004	0.029	0.875
49371	Off_Nanga_Zambia	1.105	1.014	0.004	0.029	1.105
49373	Off_Nanga_Zambia	1.105	1.014	0.004	0.029	1.105
49375	Off_Nanga_Zambia	1.205	1.017	0.004	0.029	1.205
49376	Off_Nanga_Zambia	1.235	1.018	0.004	0.029	1.235
49377	Off_Nanga_Zambia	1.23	1.018	0.004	0.029	1.23
49378	Off_Nanga_Zambia	0.775	1.004	0.004	0.029	0.775
49379	Off_Nanga_Zambia	0.895	1.008	0.004	0.029	0.895
49380	Off_Nanga_Zambia	1.38	1.022	0.004	0.029	1.38
49381	Off_Nanga_Zambia	0.84	1.006	0.004	0.029	0.84
49382	Off_Nanga_Zambia	0.805	1.005	0.004	0.029	0.805
49383	Off_Nanga_Zambia	0.8	1.005	0.004	0.029	0.8
49384	Off_Nanga_Zambia	0.64	1.001	0.004	0.029	0.64
49385	Off_Nanga_Zambia	0.71	1.003	0.004	0.029	0.71
49386	Off_Nanga_Zambia	1.09	1.014	0.004	0.029	1.09
49387	Off_Nanga_Zambia	1.65	1.03	0.004	0.029	1.65
49388	Off_Nanga_Zambia	1.205	1.017	0.004	0.029	1.205
49389	Off_Nanga_Zambia	0.83	1.006	0.004	0.029	0.83
49390	Off_Nanga_Zambia	0.91	1.008	0.004	0.029	0.91
49391	Off_Nanga_Zambia	0.935	1.009	0.004	0.029	0.935
49392	Off_Nanga_Zambia	1.375	1.022	0.004	0.029	1.375
49393	Off_Nanga_Zambia	0.585	0.999	0.004	0.029	0.585
49394	Off_Nanga_Zambia	1.95	1.039	0.004	0.029	1.95
49396	Off_Nanga_Zambia	1.35	1.021	0.004	0.029	1.35
49397	Off_Nanga_Zambia	0.455	0.995	0.004	0.029	0.455
49398	Off_Nanga_Zambia	1.43	1.024	0.004	0.029	1.43
49401	Off_Nanga_Zambia	0.975	1.01	0.004	0.029	0.975
49403	Off_Nanga_Zambia	1.64	1.03	0.004	0.029	1.64
49404	Off_Nanga_Zambia	0.69	1.002	0.004	0.029	0.69
49405	Off_Nanga_Zambia	1.115	1.014	0.004	0.029	1.115
49406	Off_Nanga_Zambia	0.57	0.998	0.004	0.029	0.57
49407	Off_Nanga_Zambia	0.545	0.998	0.004	0.029	0.545
49409	Off_Nanga_Zambia	1.025	1.012	0.004	0.029	1.025
49412	Off_Nanga_Zambia	1.06	1.013	0.004	0.029	1.06
49414	Off_Nanga_Zambia	0.725	1.003	0.004	0.029	0.725
49415	Off_Nanga_Zambia	1.115	1.014	0.004	0.029	1.115
49416	Off_Nanga_Zambia	1.225	1.018	0.004	0.029	1.225
49417	Off_Nanga_Zambia	0.995	1.011	0.004	0.029	0.995
49419	Off_Nanga_Zambia	1.37	1.022	0.004	0.029	1.37
49420	Off_Nanga_Zambia	1.07	1.013	0.004	0.029	1.07
49421	Off_Nanga_Zambia	0.605	0.999	0.004	0.029	0.605
49422	Off_Nanga_Zambia	0.39	0.993	0.004	0.029	0.39
49423	Off_Nanga_Zambia	1.915	1.038	0.004	0.029	1.915
49425	Off_Nanga_Zambia	1.85	1.036	0.004	0.029	1.85
49427	Off_Nanga_Zambia	1.145	1.015	0.004	0.029	1.145
49428	Off_Nanga_Zambia	1.4	1.023	0.004	0.029	1.4
49429	Off_Nanga_Zambia	0.315	0.991	0.004	0.029	0.315
49430	Off_Nanga_Zambia	0.84	1.006	0.004	0.029	0.84
49431	Off_Nanga_Zambia	1.66	1.031	0.004	0.029	1.66
49432	Off_Nanga_Zambia	0.99	1.011	0.004	0.029	0.99
49434	Off_Nanga_Zambia	1.19	1.017	0.004	0.029	1.19
49435	Off_Nanga_Zambia	1.735	1.033	0.004	0.029	1.735
49436	Off_Nanga_Zambia	1.115	1.014	0.004	0.029	1.115
49437	Off_Nanga_Zambia	0.765	1.004	0.004	0.029	0.765
49438	Off_Nanga_Zambia	0.285	0.99	0.004	0.029	0.285
49441	Off_Nanga_Zambia	0.78	1.005	0.004	0.029	0.78
49442	Off_Nanga_Zambia	0.75	1.004	0.004	0.029	0.75
49444	Off_Nanga_Zambia	0.705	1.002	0.004	0.029	0.705
49445	Off_Nanga_Zambia	1.455	1.024	0.004	0.029	1.455
49446	Off_Nanga_Zambia	0.68	1.002	0.004	0.029	0.68
49447	Off_Nanga_Zambia	0.86	1.007	0.004	0.029	0.86
49448	Off_Nanga_Zambia	0.595	0.999	0.004	0.029	0.595
49450	Off_Nanga_Zambia	0.765	1.004	0.004	0.029	0.765
49451	Off_Nanga_Zambia	0.985	1.011	0.004	0.029	0.985
49452	Off_Nanga_Zambia	0.6	0.999	0.004	0.029	0.6
49453	Off_Nanga_Zambia	0.74	1.003	0.004	0.029	0.74
49454	Off_Nanga_Zambia	1.235	1.018	0.004	0.029	1.235
49455	Off_Nanga_Zambia	1.165	1.016	0.004	0.029	1.165
49456	Off_Nanga_Zambia	1.205	1.017	0.004	0.029	1.205
49457	Off_Nanga_Zambia	0.495	0.996	0.004	0.029	0.495
49458	Off_Nanga_Zambia	0.945	1.009	0.004	0.029	0.945
49459	Off_Nanga_Zambia	1.035	1.012	0.004	0.029	1.035
49460	Off_Nanga_Zambia	0.595	0.999	0.004	0.029	0.595
49461	Off_Nanga_Zambia	1.305	1.02	0.004	0.029	1.305
49462	Off_Nanga_Zambia	0.53	0.997	0.004	0.029	0.53
49463	Off_Nanga_Zambia	0.715	1.003	0.004	0.029	0.715
49464	Off_Nanga_Zambia	2.625	1.059	0.004	0.029	2.625
49465	Off_Nanga_Zambia	1.22	1.018	0.004	0.029	1.22
49466	Off_Nanga_Zambia	1.305	1.02	0.004	0.029	1.305
49467	Off_Nanga_Zambia	0.865	1.007	0.004	0.029	0.865
49468	Off_Nanga_Zambia	0.925	1.009	0.004	0.029	0.925
49469	Off_Nanga_Zambia	0.635	1	0.004	0.029	0.635
49470	Off_Nanga_Zambia	1.48	1.025	0.004	0.029	1.48
49471	Off_Nanga_Zambia	0.87	1.007	0.004	0.029	0.87
49473	Off_Nanga_Zambia	0.955	1.01	0.004	0.029	0.955
49479	Off_Nanga_Zambia	1.49	1.026	0.004	0.029	1.49
49480	Off_Nanga_Zambia	0.965	1.01	0.004	0.029	0.965
49481	Off_Nanga_Zambia	1.02	1.012	0.004	0.029	1.02
49482	Off_Nanga_Zambia	0.84	1.006	0.004	0.029	0.84
49483	Off_Nanga_Zambia	1.325	1.021	0.004	0.029	1.325
49484	Off_Nanga_Zambia	0.7	1.002	0.004	0.029	0.7
49486	Off_Nanga_Zambia	1.075	1.013	0.004	0.029	1.075
49492	Off_Nanga_Zambia	0.78	1.005	0.004	0.029	0.78
49493	Off_Nanga_Zambia	0.79	1.005	0.004	0.029	0.79
49494	Off_Nanga_Zambia	0.885	1.008	0.004	0.029	0.885
49495	Off_Nanga_Zambia	0.84	1.006	0.004	0.029	0.84
49500	Off_Nanga_Zambia	0.715	1.003	0.004	0.029	0.715
49501	Off_Nanga_Zambia	0.84	1.006	0.004	0.029	0.84
49502	Off_Nanga_Zambia	1.35	1.021	0.004	0.029	1.35
49504	Off_Nanga_Zambia	0.54	0.998	0.004	0.029	0.54
49505	Off_Nanga_Zambia	0.29	0.99	0.004	0.029	0.29
49507	Off_Nanga_Zambia	0.885	1.008	0.004	0.029	0.885
49509	Off_Nanga_Zambia	1.755	1.033	0.004	0.029	1.755
49511	Off_Nanga_Zambia	1.38	1.022	0.004	0.029	1.38
49512	Off_Nanga_Zambia	0.515	0.997	0.004	0.029	0.515
49514	Off_Nanga_Zambia	1.95	1.039	0.004	0.029	1.95
49515	Off_Nanga_Zambia	0.35	0.992	0.004	0.029	0.35
49516	Off_Nanga_Zambia	0.77	1.004	0.004	0.029	0.77
49518	Off_Nanga_Zambia	1.24	1.018	0.004	0.029	1.24
49525	Off_Nanga_Zambia	0.785	1.005	0.004	0.029	0.785
49526	Off_Nanga_Zambia	1.69	1.031	0.004	0.029	1.69
49527	Off_Nanga_Zambia	0.665	1.001	0.004	0.029	0.665
49535	Off_Nanga_Zambia	0.94	1.009	0.004	0.029	0.94
49537	Off_Nanga_Zambia	1.11	1.014	0.004	0.029	1.11
49538	Off_Nanga_Zambia	1.25	1.018	0.004	0.029	1.25
49541	Off_Nanga_Zambia	1.27	1.019	0.004	0.029	1.27
49543	Off_Nanga_Zambia	1.885	1.037	0.004	0.029	1.885
49545	Off_Nanga_Zambia	1.145	1.015	0.004	0.029	1.145
