EPP_blue	EPP_blup	EPP_PEV	EPP_pevReliability	EPP_means
0.97	0.989	0	0.091	0.97
0.94	0.987	0	0.091	0.94
0.89	0.982	0	0.091	0.89
1.135	1.005	0	0.091	1.135
1.085	1	0	0.091	1.085
1.075	0.999	0	0.091	1.075
0.905	0.983	0	0.091	0.905
1	0.992	0	0.091	1
0.975	0.99	0	0.091	0.975
1.025	0.994	0	0.091	1.025
0.97	0.989	0	0.091	0.97
0.945	0.987	0	0.091	0.945
1.055	0.997	0	0.091	1.055
0.94	0.987	0	0.091	0.94
0.975	0.99	0	0.091	0.975
0.975	0.99	0	0.091	0.975
1.075	0.999	0	0.091	1.075
1.045	0.996	0	0.091	1.045
0.93	0.986	0	0.091	0.93
1.025	0.994	0	0.091	1.025
1.03	0.995	0	0.091	1.03
1.055	0.997	0	0.091	1.055
0.93	0.986	0	0.091	0.93
1.09	1	0	0.091	1.09
1.055	0.997	0	0.091	1.055
1.105	1.002	0	0.091	1.105
0.965	0.989	0	0.091	0.965
0.89	0.982	0	0.091	0.89
0.96	0.989	0	0.091	0.96
0.945	0.987	0	0.091	0.945
1.03	0.995	0	0.091	1.03
0.97	0.989	0	0.091	0.97
1.03	0.995	0	0.091	1.03
0.97	0.989	0	0.091	0.97
1.005	0.993	0	0.091	1.005
1	0.992	0	0.091	1
0.97	0.989	0	0.091	0.97
0.94	0.987	0	0.091	0.94
1	0.992	0	0.091	1
1.165	1.007	0	0.091	1.165
0.935	0.986	0	0.091	0.935
0.96	0.989	0	0.091	0.96
0.915	0.984	0	0.091	0.915
0.88	0.981	0	0.091	0.88
1.085	1	0	0.091	1.085
1.025	0.994	0	0.091	1.025
0.935	0.986	0	0.091	0.935
0.865	0.98	0	0.091	0.865
0.97	0.989	0	0.091	0.97
1.005	0.993	0	0.091	1.005
1.025	0.994	0	0.091	1.025
0.885	0.982	0	0.091	0.885
0.855	0.979	0	0.091	0.855
1	0.992	0	0.091	1
0.995	0.992	0	0.091	0.995
0.975	0.99	0	0.091	0.975
1.03	0.995	0	0.091	1.03
1.03	0.995	0	0.091	1.03
1.03	0.995	0	0.091	1.03
0.92	0.985	0	0.091	0.92
0.865	0.98	0	0.091	0.865
0.97	0.989	0	0.091	0.97
1.03	0.995	0	0.091	1.03
1.065	0.998	0	0.091	1.065
1.035	0.995	0	0.091	1.035
1.03	0.995	0	0.091	1.03
1	0.992	0	0.091	1
0.97	0.989	0	0.091	0.97
0.915	0.984	0	0.091	0.915
0.945	0.987	0	0.091	0.945
0.97	0.989	0	0.091	0.97
1.16	1.007	0	0.091	1.16
0.97	0.989	0	0.091	0.97
1	0.992	0	0.091	1
0.915	0.984	0	0.091	0.915
0.86	0.979	0	0.091	0.86
0.97	0.989	0	0.091	0.97
1.03	0.995	0	0.091	1.03
1	0.992	0	0.091	1
0.945	0.987	0	0.091	0.945
0.935	0.986	0	0.091	0.935
1.01	0.993	0	0.091	1.01
1	0.992	0	0.091	1
0.92	0.985	0	0.091	0.92
1	0.992	0	0.091	1
0.97	0.989	0	0.091	0.97
1.025	0.994	0	0.091	1.025
1.075	0.999	0	0.091	1.075
1	0.992	0	0.091	1
0.92	0.985	0	0.091	0.92
0.995	0.992	0	0.091	0.995
0.915	0.984	0	0.091	0.915
1.09	1	0	0.091	1.09
0.97	0.989	0	0.091	0.97
1.005	0.993	0	0.091	1.005
1.055	0.997	0	0.091	1.055
0.93	0.986	0	0.091	0.93
1.11	1.002	0	0.091	1.11
1	0.992	0	0.091	1
0.885	0.982	0	0.091	0.885
1.03	0.995	0	0.091	1.03
0.89	0.982	0	0.091	0.89
0.945	0.987	0	0.091	0.945
1.11	1.002	0	0.091	1.11
0.975	0.99	0	0.091	0.975
0.92	0.985	0	0.091	0.92
1.065	0.998	0	0.091	1.065
1	0.992	0	0.091	1
0.975	0.99	0	0.091	0.975
0.98	0.99	0	0.091	0.98
1.03	0.995	0	0.091	1.03
1.105	1.002	0	0.091	1.105
1	0.992	0	0.091	1
1.025	0.994	0	0.091	1.025
1	0.992	0	0.091	1
0.945	0.987	0	0.091	0.945
1	0.992	0	0.091	1
0.97	0.989	0	0.091	0.97
1.03	0.995	0	0.091	1.03
0.965	0.989	0	0.091	0.965
1.07	0.999	0	0.091	1.07
0.94	0.987	0	0.091	0.94
1.06	0.998	0	0.091	1.06
1.155	1.006	0	0.091	1.155
0.975	0.99	0	0.091	0.975
1.03	0.995	0	0.091	1.03
0.945	0.987	0	0.091	0.945
1.3	1.02	0	0.091	1.3
0.97	0.989	0	0.091	0.97
0.935	0.986	0	0.091	0.935
0.895	0.983	0	0.091	0.895
1.03	0.995	0	0.091	1.03
1.02	0.994	0	0.091	1.02
0.885	0.982	0	0.091	0.885
1.03	0.995	0	0.091	1.03
0.995	0.992	0	0.091	0.995
1	0.992	0	0.091	1
0.995	0.992	0	0.091	0.995
0.97	0.989	0	0.091	0.97
0.855	0.979	0	0.091	0.855
1.11	1.002	0	0.091	1.11
0.895	0.983	0	0.091	0.895
1.08	1	0	0.091	1.08
0.975	0.99	0	0.091	0.975
1.01	0.993	0	0.091	1.01
0.89	0.982	0	0.091	0.89
0.89	0.982	0	0.091	0.89
0.895	0.983	0	0.091	0.895
1.01	0.993	0	0.091	1.01
0.97	0.989	0	0.091	0.97
1.08	1	0	0.091	1.08
1	0.992	0	0.091	1
0.96	0.989	0	0.091	0.96
1.035	0.995	0	0.091	1.035
1.03	0.995	0	0.091	1.03
0.885	0.982	0	0.091	0.885
1.03	0.995	0	0.091	1.03
0.86	0.979	0	0.091	0.86
1.04	0.996	0	0.091	1.04
0.885	0.982	0	0.091	0.885
0.97	0.989	0	0.091	0.97
1.06	0.998	0	0.091	1.06
0.955	0.988	0	0.091	0.955
0.975	0.99	0	0.091	0.975
1.065	0.998	0	0.091	1.065
1.05	0.997	0	0.091	1.05
1.035	0.995	0	0.091	1.035
1.085	1	0	0.091	1.085
0.96	1.004	0.001	0.113	0.96
0.92	0.999	0.001	0.113	0.92
0.895	0.996	0.001	0.113	0.895
0.975	1.005	0.001	0.113	0.975
1.03	1.012	0.001	0.113	1.03
1.095	1.019	0.001	0.113	1.095
0.92	0.999	0.001	0.113	0.92
0.945	1.002	0.001	0.113	0.945
0.945	1.002	0.001	0.113	0.945
1.125	1.022	0.001	0.113	1.125
1.045	1.013	0.001	0.113	1.045
0.815	0.987	0.001	0.113	0.815
1.09	1.019	0.001	0.113	1.09
0.915	0.999	0.001	0.113	0.915
1.005	1.009	0.001	0.113	1.005
1.115	1.021	0.001	0.113	1.115
1.025	1.011	0.001	0.113	1.025
1.03	1.012	0.001	0.113	1.03
0.96	1.004	0.001	0.113	0.96
1.03	1.012	0.001	0.113	1.03
0.84	0.99	0.001	0.113	0.84
1.19	1.03	0.001	0.113	1.19
1.025	1.011	0.001	0.113	1.025
0.97	1.005	0.001	0.113	0.97
1	1.008	0.001	0.113	1
0.985	1.007	0.001	0.113	0.985
1.055	1.015	0.001	0.113	1.055
1.275	1.04	0.001	0.113	1.275
0.97	1.005	0.001	0.113	0.97
0.92	0.999	0.001	0.113	0.92
1.03	1.012	0.001	0.113	1.03
1	1.008	0.001	0.113	1
1.02	1.011	0.001	0.113	1.02
1.025	1.011	0.001	0.113	1.025
1.055	1.015	0.001	0.113	1.055
0.94	1.001	0.001	0.113	0.94
1.165	1.027	0.001	0.113	1.165
1.03	1.012	0.001	0.113	1.03
1.08	1.017	0.001	0.113	1.08
1.185	1.029	0.001	0.113	1.185
0.965	1.004	0.001	0.113	0.965
1.025	1.011	0.001	0.113	1.025
0.8	0.986	0.001	0.113	0.8
1.03	1.012	0.001	0.113	1.03
1	1.008	0.001	0.113	1
0.92	0.999	0.001	0.113	0.92
1.045	1.013	0.001	0.113	1.045
1.055	1.015	0.001	0.113	1.055
1.115	1.021	0.001	0.113	1.115
1.065	1.016	0.001	0.113	1.065
1.005	1.009	0.001	0.113	1.005
0.945	1.002	0.001	0.113	0.945
1	1.008	0.001	0.113	1
1	1.008	0.001	0.113	1
1	1.008	0.001	0.113	1
1	1.008	0.001	0.113	1
1.03	1.012	0.001	0.113	1.03
1.025	1.011	0.001	0.113	1.025
0.71	0.975	0.001	0.113	0.71
0.89	0.996	0.001	0.113	0.89
0.915	0.999	0.001	0.113	0.915
0.915	0.999	0.001	0.113	0.915
0.8	0.986	0.001	0.113	0.8
0.97	1.005	0.001	0.113	0.97
1.03	1.012	0.001	0.113	1.03
1.185	1.029	0.001	0.113	1.185
1.145	1.025	0.001	0.113	1.145
1	1.008	0.001	0.113	1
0.915	0.999	0.001	0.113	0.915
1.035	1.012	0.001	0.113	1.035
1.135	1.024	0.001	0.113	1.135
0.885	0.995	0.001	0.113	0.885
0.94	1.001	0.001	0.113	0.94
1.055	1.015	0.001	0.113	1.055
0.97	1.005	0.001	0.113	0.97
0.975	1.005	0.001	0.113	0.975
1.085	1.018	0.001	0.113	1.085
1	1.008	0.001	0.113	1
0.915	0.999	0.001	0.113	0.915
0.975	1.005	0.001	0.113	0.975
0.94	1.001	0.001	0.113	0.94
1.09	1.019	0.001	0.113	1.09
1.33	1.046	0.001	0.113	1.33
0.89	0.996	0.001	0.113	0.89
0.985	1.007	0.001	0.113	0.985
0.975	1.005	0.001	0.113	0.975
0.94	1.001	0.001	0.113	0.94
1.42	1.056	0.001	0.113	1.42
1	1.008	0.001	0.113	1
1.03	1.012	0.001	0.113	1.03
0.92	0.999	0.001	0.113	0.92
1.1	1.02	0.001	0.113	1.1
0.94	1.001	0.001	0.113	0.94
1.095	1.019	0.001	0.113	1.095
1.07	1.016	0.001	0.113	1.07
1.29	1.041	0.001	0.113	1.29
1.065	1.016	0.001	0.113	1.065
1.135	1.024	0.001	0.113	1.135
1.225	1.034	0.001	0.113	1.225
1.01	1.009	0.001	0.113	1.01
1.035	1.012	0.001	0.113	1.035
1.005	1.009	0.001	0.113	1.005
0.91	0.998	0.001	0.113	0.91
0.925	1	0.001	0.113	0.925
0.97	1.005	0.001	0.113	0.97
1.035	1.012	0.001	0.113	1.035
0.945	1.002	0.001	0.113	0.945
1.055	1.015	0.001	0.113	1.055
0.945	1.002	0.001	0.113	0.945
1.03	1.012	0.001	0.113	1.03
0.975	1.005	0.001	0.113	0.975
0.815	0.987	0.001	0.113	0.815
1.08	1.017	0.001	0.113	1.08
0.85	0.991	0.001	0.113	0.85
0.895	0.996	0.001	0.113	0.895
0.915	0.999	0.001	0.113	0.915
1.015	1.01	0.001	0.113	1.015
1.05	1.014	0.001	0.113	1.05
0.97	1.005	0.001	0.113	0.97
1.3	1.042	0.001	0.113	1.3
1	1.008	0.001	0.113	1
0.815	0.987	0.001	0.113	0.815
1.03	1.012	0.001	0.113	1.03
1	1.008	0.001	0.113	1
1.215	1.033	0.001	0.113	1.215
0.98	1.006	0.001	0.113	0.98
1	1.008	0.001	0.113	1
0.925	1	0.001	0.113	0.925
1.04	1.013	0.001	0.113	1.04
0.945	1.002	0.001	0.113	0.945
1.09	1.019	0.001	0.113	1.09
1.145	1.025	0.001	0.113	1.145
0.915	0.999	0.001	0.113	0.915
1.16	1.026	0.001	0.113	1.16
0.975	1.005	0.001	0.113	0.975
0.945	1.002	0.001	0.113	0.945
0.975	1.005	0.001	0.113	0.975
0.975	1.005	0.001	0.113	0.975
0.945	1.002	0.001	0.113	0.945
1.095	1.019	0.001	0.113	1.095
1.035	1.012	0.001	0.113	1.035
0.885	0.995	0.001	0.113	0.885
1	1.008	0.001	0.113	1
0.92	0.999	0.001	0.113	0.92
1.025	1.011	0.001	0.113	1.025
0.97	1.005	0.001	0.113	0.97
1.07	1.016	0.001	0.113	1.07
1.155	1.026	0.001	0.113	1.155
1.03	1.012	0.001	0.113	1.03
1.055	1.015	0.001	0.113	1.055
0.945	1.002	0.001	0.113	0.945
0.975	1.005	0.001	0.113	0.975
1.055	1.015	0.001	0.113	1.055
0.765	0.982	0.001	0.113	0.765
1	1.008	0.001	0.113	1
1.115	1.021	0.001	0.113	1.115
0.97	1.005	0.001	0.113	0.97
1.015	1.01	0.001	0.113	1.015
1.035	1.012	0.001	0.113	1.035
0.97	1.005	0.001	0.113	0.97
1.16	1.026	0.001	0.113	1.16
0.975	1.005	0.001	0.113	0.975
0.945	1.002	0.001	0.113	0.945
1.03	1.012	0.001	0.113	1.03
1.015	1.01	0.001	0.113	1.015
0.97	1.005	0.001	0.113	0.97
1.02	1.011	0.001	0.113	1.02
1.055	1.015	0.001	0.113	1.055
0.77	0.879	0.002	0.4	0.77
0.945	0.949	0.002	0.4	0.945
0.87	0.919	0.002	0.4	0.87
0.895	0.929	0.002	0.4	0.895
0.97	0.959	0.002	0.4	0.97
0.97	0.959	0.002	0.4	0.97
1.005	0.973	0.002	0.4	1.005
0.815	0.897	0.002	0.4	0.815
0.885	0.925	0.002	0.4	0.885
0.88	0.923	0.002	0.4	0.88
1.015	0.977	0.002	0.4	1.015
1	0.971	0.002	0.4	1
0.855	0.913	0.002	0.4	0.855
0.975	0.961	0.002	0.4	0.975
1	0.971	0.002	0.4	1
0.97	0.959	0.002	0.4	0.97
0.97	0.959	0.002	0.4	0.97
1.07	0.999	0.002	0.4	1.07
0.85	0.911	0.002	0.4	0.85
0.91	0.935	0.002	0.4	0.91
0.97	0.959	0.002	0.4	0.97
1.03	0.983	0.002	0.4	1.03
0.97	0.959	0.002	0.4	0.97
0.85	0.911	0.002	0.4	0.85
0.91	0.935	0.002	0.4	0.91
0.88	0.923	0.002	0.4	0.88
0.91	0.935	0.002	0.4	0.91
1.005	0.973	0.002	0.4	1.005
1.235	1.065	0.002	0.4	1.235
0.97	0.959	0.002	0.4	0.97
0.91	0.935	0.002	0.4	0.91
0.91	0.935	0.002	0.4	0.91
0.75	0.871	0.002	0.4	0.75
0.96	0.955	0.002	0.4	0.96
0.795	0.889	0.002	0.4	0.795
0.915	0.937	0.002	0.4	0.915
0.97	0.959	0.002	0.4	0.97
0.94	0.947	0.002	0.4	0.94
1.03	0.983	0.002	0.4	1.03
0.97	0.959	0.002	0.4	0.97
1.03	0.983	0.002	0.4	1.03
0.67	0.839	0.002	0.4	0.67
0.965	0.957	0.002	0.4	0.965
0.89	0.927	0.002	0.4	0.89
0.85	0.911	0.002	0.4	0.85
0.91	0.935	0.002	0.4	0.91
0.97	0.959	0.002	0.4	0.97
0.945	0.949	0.002	0.4	0.945
0.94	0.947	0.002	0.4	0.94
1.09	1.007	0.002	0.4	1.09
0.965	0.957	0.002	0.4	0.965
0.91	0.935	0.002	0.4	0.91
1	0.971	0.002	0.4	1
0.97	0.959	0.002	0.4	0.97
0.995	0.969	0.002	0.4	0.995
0.94	0.947	0.002	0.4	0.94
1.025	0.981	0.002	0.4	1.025
1	0.971	0.002	0.4	1
1	0.971	0.002	0.4	1
1	0.971	0.002	0.4	1
1.045	0.989	0.002	0.4	1.045
1.065	0.997	0.002	0.4	1.065
0.85	0.911	0.002	0.4	0.85
0.845	0.909	0.002	0.4	0.845
0.795	0.889	0.002	0.4	0.795
0.93	0.943	0.002	0.4	0.93
0.91	0.935	0.002	0.4	0.91
1.03	0.983	0.002	0.4	1.03
1.19	1.047	0.002	0.4	1.19
1	0.971	0.002	0.4	1
0.97	0.959	0.002	0.4	0.97
0.91	0.935	0.002	0.4	0.91
0.91	0.935	0.002	0.4	0.91
0.835	0.905	0.002	0.4	0.835
0.91	0.935	0.002	0.4	0.91
0.94	0.947	0.002	0.4	0.94
0.935	0.945	0.002	0.4	0.935
1.035	0.985	0.002	0.4	1.035
1.03	0.983	0.002	0.4	1.03
1.03	0.983	0.002	0.4	1.03
1.03	0.983	0.002	0.4	1.03
0.975	0.961	0.002	0.4	0.975
1.07	0.999	0.002	0.4	1.07
1.03	0.983	0.002	0.4	1.03
1.23	1.063	0.002	0.4	1.23
1.07	0.999	0.002	0.4	1.07
0.795	0.889	0.002	0.4	0.795
0.94	0.947	0.002	0.4	0.94
0.94	0.947	0.002	0.4	0.94
0.885	0.925	0.002	0.4	0.885
0.94	0.947	0.002	0.4	0.94
0.845	0.909	0.002	0.4	0.845
0.88	0.923	0.002	0.4	0.88
1.03	0.983	0.002	0.4	1.03
1	0.971	0.002	0.4	1
0.97	0.959	0.002	0.4	0.97
0.825	0.901	0.002	0.4	0.825
0.775	0.881	0.002	0.4	0.775
0.97	0.959	0.002	0.4	0.97
0.855	0.913	0.002	0.4	0.855
0.86	0.915	0.002	0.4	0.86
0.91	0.935	0.002	0.4	0.91
0.875	0.921	0.002	0.4	0.875
0.91	0.935	0.002	0.4	0.91
0.89	0.927	0.002	0.4	0.89
1	0.971	0.002	0.4	1
1	0.971	0.002	0.4	1
0.82	0.899	0.002	0.4	0.82
0.97	0.959	0.002	0.4	0.97
1.115	1.017	0.002	0.4	1.115
0.97	0.959	0.002	0.4	0.97
0.995	0.969	0.002	0.4	0.995
0.97	0.959	0.002	0.4	0.97
0.815	0.897	0.002	0.4	0.815
0.935	0.945	0.002	0.4	0.935
0.88	0.923	0.002	0.4	0.88
1.095	1.009	0.002	0.4	1.095
0.97	0.959	0.002	0.4	0.97
1	0.971	0.002	0.4	1
0.815	0.897	0.002	0.4	0.815
0.91	0.935	0.002	0.4	0.91
0.97	0.959	0.002	0.4	0.97
0.91	0.935	0.002	0.4	0.91
1	0.971	0.002	0.4	1
0.94	0.947	0.002	0.4	0.94
1.065	0.997	0.002	0.4	1.065
1	0.971	0.002	0.4	1
0.935	0.945	0.002	0.4	0.935
0.795	0.889	0.002	0.4	0.795
0.97	0.959	0.002	0.4	0.97
0.94	0.947	0.002	0.4	0.94
0.89	0.927	0.002	0.4	0.89
0.995	0.969	0.002	0.4	0.995
1	0.971	0.002	0.4	1
0.97	0.959	0.002	0.4	0.97
1	0.971	0.002	0.4	1
0.975	0.961	0.002	0.4	0.975
1.06	0.995	0.002	0.4	1.06
0.94	0.947	0.002	0.4	0.94
0.935	0.945	0.002	0.4	0.935
1.03	0.983	0.002	0.4	1.03
0.97	0.959	0.002	0.4	0.97
1.09	1.007	0.002	0.4	1.09
1.065	0.997	0.002	0.4	1.065
0.915	0.937	0.002	0.4	0.915
0.94	0.947	0.002	0.4	0.94
0.96	0.955	0.002	0.4	0.96
1	0.971	0.002	0.4	1
1.03	0.983	0.002	0.4	1.03
0.935	0.945	0.002	0.4	0.935
0.885	0.925	0.002	0.4	0.885
0.88	0.923	0.002	0.4	0.88
0.975	0.961	0.002	0.4	0.975
0.85	0.911	0.002	0.4	0.85
1	0.971	0.002	0.4	1
0.9	0.931	0.002	0.4	0.9
1.065	0.997	0.002	0.4	1.065
1.035	0.985	0.002	0.4	1.035
0.88	0.923	0.002	0.4	0.88
0.97	0.959	0.002	0.4	0.97
0.935	0.945	0.002	0.4	0.935
0.965	0.957	0.002	0.4	0.965
0.855	0.913	0.002	0.4	0.855
0.915	0.937	0.002	0.4	0.915
1	0.971	0.002	0.4	1
1.105	1.013	0.002	0.4	1.105
1.03	0.983	0.002	0.4	1.03
0.88	0.923	0.002	0.4	0.88
0.945	0.961	0	0.019	0.945
0.975	0.962	0	0.019	0.975
1	0.962	0	0.019	1
1	0.962	0	0.019	1
0.975	0.962	0	0.019	0.975
0.975	0.962	0	0.019	0.975
1.025	0.963	0	0.019	1.025
1.025	0.963	0	0.019	1.025
0.975	0.962	0	0.019	0.975
0.945	0.961	0	0.019	0.945
0.975	0.962	0	0.019	0.975
0.885	0.96	0	0.019	0.885
0.96	0.962	0	0.019	0.96
0.975	0.962	0	0.019	0.975
0.89	0.96	0	0.019	0.89
0.945	0.961	0	0.019	0.945
1	0.962	0	0.019	1
0.945	0.961	0	0.019	0.945
0.945	0.961	0	0.019	0.945
0.975	0.962	0	0.019	0.975
0.945	0.961	0	0.019	0.945
0.975	0.962	0	0.019	0.975
1.03	0.963	0	0.019	1.03
1	0.962	0	0.019	1
1.025	0.963	0	0.019	1.025
0.89	0.96	0	0.019	0.89
1	0.962	0	0.019	1
1.005	0.962	0	0.019	1.005
1	0.962	0	0.019	1
0.9	0.96	0	0.019	0.9
0.92	0.961	0	0.019	0.92
1	0.962	0	0.019	1
0.89	0.96	0	0.019	0.89
0.92	0.961	0	0.019	0.92
0.975	0.962	0	0.019	0.975
0.905	0.961	0	0.019	0.905
1	0.962	0	0.019	1
1	0.962	0	0.019	1
1.005	0.962	0	0.019	1.005
1.08	0.964	0	0.019	1.08
0.9	0.96	0	0.019	0.9
0.835	0.959	0	0.019	0.835
0.975	0.962	0	0.019	0.975
0.945	0.961	0	0.019	0.945
0.925	0.961	0	0.019	0.925
1.03	0.963	0	0.019	1.03
1.005	0.962	0	0.019	1.005
0.975	0.962	0	0.019	0.975
0.975	0.962	0	0.019	0.975
1.025	0.963	0	0.019	1.025
1.005	0.962	0	0.019	1.005
1.03	0.963	0	0.019	1.03
0.92	0.961	0	0.019	0.92
0.895	0.96	0	0.019	0.895
0.975	0.962	0	0.019	0.975
0.945	0.961	0	0.019	0.945
1	0.962	0	0.019	1
0.975	0.962	0	0.019	0.975
0.975	0.962	0	0.019	0.975
0.9	0.96	0	0.019	0.9
1	0.962	0	0.019	1
1	0.962	0	0.019	1
0.945	0.961	0	0.019	0.945
1	0.962	0	0.019	1
0.95	0.961	0	0.019	0.95
1.03	0.963	0	0.019	1.03
0.92	0.961	0	0.019	0.92
1	0.962	0	0.019	1
0.975	0.962	0	0.019	0.975
0.925	0.961	0	0.019	0.925
0.975	0.962	0	0.019	0.975
0.975	0.962	0	0.019	0.975
0.825	0.959	0	0.019	0.825
0.975	0.962	0	0.019	0.975
0.945	0.961	0	0.019	0.945
1	0.962	0	0.019	1
0.95	0.961	0	0.019	0.95
0.975	0.962	0	0.019	0.975
0.975	0.962	0	0.019	0.975
0.975	0.962	0	0.019	0.975
0.915	0.961	0	0.019	0.915
1.055	0.963	0	0.019	1.055
0.955	0.962	0	0.019	0.955
0.915	0.961	0	0.019	0.915
1.09	0.964	0	0.019	1.09
0.945	0.961	0	0.019	0.945
1	0.962	0	0.019	1
0.92	0.961	0	0.019	0.92
0.94	0.961	0	0.019	0.94
1.08	0.964	0	0.019	1.08
0.95	0.961	0	0.019	0.95
0.895	0.96	0	0.019	0.895
0.975	0.962	0	0.019	0.975
1.06	0.964	0	0.019	1.06
1	0.962	0	0.019	1
0.95	0.961	0	0.019	0.95
0.895	0.96	0	0.019	0.895
0.975	0.962	0	0.019	0.975
0.975	0.962	0	0.019	0.975
0.97	0.962	0	0.019	0.97
0.93	0.961	0	0.019	0.93
0.725	0.957	0	0.019	0.725
0.975	0.962	0	0.019	0.975
1	0.962	0	0.019	1
0.925	0.961	0	0.019	0.925
0.975	0.962	0	0.019	0.975
0.83	0.959	0	0.019	0.83
1.025	0.963	0	0.019	1.025
0.895	0.96	0	0.019	0.895
1	0.962	0	0.019	1
0.92	0.961	0	0.019	0.92
0.92	0.961	0	0.019	0.92
1	0.962	0	0.019	1
0.945	0.961	0	0.019	0.945
0.97	0.962	0	0.019	0.97
1.03	0.963	0	0.019	1.03
1.025	0.963	0	0.019	1.025
1	0.962	0	0.019	1
0.975	0.962	0	0.019	0.975
0.975	0.962	0	0.019	0.975
0.97	0.962	0	0.019	0.97
0.91	0.961	0	0.019	0.91
1.03	0.963	0	0.019	1.03
1.05	0.963	0	0.019	1.05
1.025	0.963	0	0.019	1.025
1.005	0.962	0	0.019	1.005
0.92	0.961	0	0.019	0.92
1	0.962	0	0.019	1
0.92	0.961	0	0.019	0.92
0.895	0.96	0	0.019	0.895
1.03	0.963	0	0.019	1.03
0.82	0.959	0	0.019	0.82
0.975	0.962	0	0.019	0.975
0.945	0.961	0	0.019	0.945
0.74	0.957	0	0.019	0.74
0.975	0.962	0	0.019	0.975
0.975	0.962	0	0.019	0.975
0.945	0.961	0	0.019	0.945
0.865	0.96	0	0.019	0.865
0.95	0.961	0	0.019	0.95
1.025	0.963	0	0.019	1.025
0.75	0.958	0	0.019	0.75
0.975	0.962	0	0.019	0.975
1	0.962	0	0.019	1
0.97	0.962	0	0.019	0.97
0.92	0.961	0	0.019	0.92
0.89	0.96	0	0.019	0.89
0.94	0.961	0	0.019	0.94
0.975	0.962	0	0.019	0.975
0.975	0.962	0	0.019	0.975
1	0.962	0	0.019	1
0.975	0.962	0	0.019	0.975
0.945	0.961	0	0.019	0.945
0.92	0.961	0	0.019	0.92
0.92	0.961	0	0.019	0.92
0.975	0.962	0	0.019	0.975
0.945	0.961	0	0.019	0.945
1	0.962	0	0.019	1
0.97	0.962	0	0.019	0.97
0.87	0.96	0	0.019	0.87
1.055	0.963	0	0.019	1.055
1	0.962	0	0.019	1
1.03	0.963	0	0.019	1.03
1	0.962	0	0.019	1
0.97	0.962	0	0.019	0.97
0.93	0.961	0	0.019	0.93
1.045	0.963	0	0.019	1.045
0.815	0.959	0	0.019	0.815
0.785	0.893	0	0	0.785
0.91	0.893	0	0	0.91
0.96	0.893	0	0	0.96
0.815	0.893	0	0	0.815
0.865	0.893	0	0	0.865
0.915	0.893	0	0	0.915
1.045	0.893	0	0	1.045
0.795	0.893	0	0	0.795
1	0.893	0	0	1
0.905	0.893	0	0	0.905
0.785	0.893	0	0	0.785
0.915	0.893	0	0	0.915
0.83	0.893	0	0	0.83
0.905	0.893	0	0	0.905
0.795	0.893	0	0	0.795
0.895	0.893	0	0	0.895
0.825	0.893	0	0	0.825
0.765	0.893	0	0	0.765
0.855	0.893	0	0	0.855
0.84	0.893	0	0	0.84
1.035	0.893	0	0	1.035
0.785	0.893	0	0	0.785
1.09	0.893	0	0	1.09
0.885	0.893	0	0	0.885
0.885	0.893	0	0	0.885
0.85	0.893	0	0	0.85
0.945	0.893	0	0	0.945
0.88	0.893	0	0	0.88
0.865	0.893	0	0	0.865
0.92	0.893	0	0	0.92
0.91	0.893	0	0	0.91
0.82	0.893	0	0	0.82
0.94	0.893	0	0	0.94
1.22	0.893	0	0	1.22
0.94	0.893	0	0	0.94
0.94	0.893	0	0	0.94
0.865	0.893	0	0	0.865
0.895	0.893	0	0	0.895
0.925	0.893	0	0	0.925
0.9	0.893	0	0	0.9
0.82	0.893	0	0	0.82
0.785	0.893	0	0	0.785
0.91	0.893	0	0	0.91
0.915	0.893	0	0	0.915
0.875	0.893	0	0	0.875
0.88	0.893	0	0	0.88
1.07	0.893	0	0	1.07
0.905	0.893	0	0	0.905
0.88	0.893	0	0	0.88
0.835	0.893	0	0	0.835
0.945	0.893	0	0	0.945
1.025	0.893	0	0	1.025
0.92	0.893	0	0	0.92
1.115	0.893	0	0	1.115
0.835	0.893	0	0	0.835
1.01	0.893	0	0	1.01
0.86	0.893	0	0	0.86
0.88	0.893	0	0	0.88
0.885	0.893	0	0	0.885
0.945	0.893	0	0	0.945
0.87	0.893	0	0	0.87
0.81	0.893	0	0	0.81
0.785	0.893	0	0	0.785
0.86	0.893	0	0	0.86
0.93	0.893	0	0	0.93
0.97	0.893	0	0	0.97
1.04	0.893	0	0	1.04
0.875	0.893	0	0	0.875
0.865	0.893	0	0	0.865
1.035	0.893	0	0	1.035
0.945	0.893	0	0	0.945
0.92	0.893	0	0	0.92
0.89	0.893	0	0	0.89
0.98	0.893	0	0	0.98
0.995	0.893	0	0	0.995
0.91	0.893	0	0	0.91
0.815	0.893	0	0	0.815
0.755	0.893	0	0	0.755
0.885	0.893	0	0	0.885
0.775	0.893	0	0	0.775
0.95	0.893	0	0	0.95
0.935	0.893	0	0	0.935
0.89	0.893	0	0	0.89
0.925	0.893	0	0	0.925
0.815	0.893	0	0	0.815
0.82	0.893	0	0	0.82
0.965	0.893	0	0	0.965
0.92	0.893	0	0	0.92
0.855	0.893	0	0	0.855
0.825	0.893	0	0	0.825
0.94	0.893	0	0	0.94
0.83	0.893	0	0	0.83
0.915	0.893	0	0	0.915
0.9	0.893	0	0	0.9
0.89	0.893	0	0	0.89
0.825	0.893	0	0	0.825
0.885	0.893	0	0	0.885
0.88	0.893	0	0	0.88
0.87	0.893	0	0	0.87
0.88	0.893	0	0	0.88
0.89	0.893	0	0	0.89
0.945	0.893	0	0	0.945
0.835	0.893	0	0	0.835
0.87	0.893	0	0	0.87
0.84	0.893	0	0	0.84
0.865	0.893	0	0	0.865
0.945	0.893	0	0	0.945
0.845	0.893	0	0	0.845
0.91	0.893	0	0	0.91
0.945	0.893	0	0	0.945
0.765	0.893	0	0	0.765
0.83	0.893	0	0	0.83
0.915	0.893	0	0	0.915
0.83	0.893	0	0	0.83
0.82	0.893	0	0	0.82
0.89	0.893	0	0	0.89
0.82	0.893	0	0	0.82
0.945	0.893	0	0	0.945
0.795	0.893	0	0	0.795
0.88	0.893	0	0	0.88
0.97	0.893	0	0	0.97
0.865	0.893	0	0	0.865
1.005	0.893	0	0	1.005
0.82	0.893	0	0	0.82
0.87	0.893	0	0	0.87
0.79	0.893	0	0	0.79
0.77	0.893	0	0	0.77
0.89	0.893	0	0	0.89
0.975	0.893	0	0	0.975
0.945	0.893	0	0	0.945
0.925	0.893	0	0	0.925
0.825	0.893	0	0	0.825
0.86	0.893	0	0	0.86
0.89	0.893	0	0	0.89
0.915	0.893	0	0	0.915
0.94	0.893	0	0	0.94
0.94	0.893	0	0	0.94
0.885	0.893	0	0	0.885
0.8	0.893	0	0	0.8
0.89	0.893	0	0	0.89
0.92	0.893	0	0	0.92
0.865	0.893	0	0	0.865
1.09	0.893	0	0	1.09
0.8	0.893	0	0	0.8
0.915	0.893	0	0	0.915
0.82	0.893	0	0	0.82
0.77	0.893	0	0	0.77
0.89	0.893	0	0	0.89
0.97	0.893	0	0	0.97
0.8	0.893	0	0	0.8
0.915	0.893	0	0	0.915
0.81	0.893	0	0	0.81
0.945	0.893	0	0	0.945
0.915	0.893	0	0	0.915
0.98	0.893	0	0	0.98
0.97	0.893	0	0	0.97
0.945	0.893	0	0	0.945
0.865	0.893	0	0	0.865
0.845	0.893	0	0	0.845
0.765	0.893	0	0	0.765
0.825	0.893	0	0	0.825
0.95	0.893	0	0	0.95
0.855	0.893	0	0	0.855
1.13	0.893	0	0	1.13
0.865	0.893	0	0	0.865
0.915	0.893	0	0	0.915
0.83	0.893	0	0	0.83
0.815	0.893	0	0	0.815
0.825	0.883	0	0.023	0.825
0.94	0.886	0	0.023	0.94
0.94	0.886	0	0.023	0.94
1.06	0.888	0	0.023	1.06
0.94	0.886	0	0.023	0.94
0.94	0.886	0	0.023	0.94
0.94	0.886	0	0.023	0.94
0.915	0.885	0	0.023	0.915
0.74	0.881	0	0.023	0.74
0.94	0.886	0	0.023	0.94
0.845	0.883	0	0.023	0.845
0.85	0.884	0	0.023	0.85
0.745	0.881	0	0.023	0.745
0.78	0.882	0	0.023	0.78
0.94	0.886	0	0.023	0.94
0.91	0.885	0	0.023	0.91
0.775	0.882	0	0.023	0.775
0.965	0.886	0	0.023	0.965
0.825	0.883	0	0.023	0.825
1.03	0.888	0	0.023	1.03
0.76	0.882	0	0.023	0.76
0.825	0.883	0	0.023	0.825
1.035	0.888	0	0.023	1.035
0.98	0.887	0	0.023	0.98
0.85	0.884	0	0.023	0.85
0.94	0.886	0	0.023	0.94
0.945	0.886	0	0.023	0.945
1.015	0.887	0	0.023	1.015
0.865	0.884	0	0.023	0.865
0.775	0.882	0	0.023	0.775
0.905	0.885	0	0.023	0.905
0.875	0.884	0	0.023	0.875
0.955	0.886	0	0.023	0.955
0.52	0.876	0	0.023	0.52
0.81	0.883	0	0.023	0.81
0.785	0.882	0	0.023	0.785
0.83	0.883	0	0.023	0.83
0.91	0.885	0	0.023	0.91
0.88	0.884	0	0.023	0.88
0.905	0.885	0	0.023	0.905
1	0.887	0	0.023	1
0.855	0.884	0	0.023	0.855
1	0.887	0	0.023	1
0.9	0.885	0	0.023	0.9
0.775	0.882	0	0.023	0.775
0.91	0.885	0	0.023	0.91
0.94	0.886	0	0.023	0.94
0.845	0.883	0	0.023	0.845
0.94	0.886	0	0.023	0.94
1.005	0.887	0	0.023	1.005
0.865	0.884	0	0.023	0.865
0.93	0.885	0	0.023	0.93
0.845	0.883	0	0.023	0.845
0.97	0.886	0	0.023	0.97
0.99	0.887	0	0.023	0.99
0.93	0.885	0	0.023	0.93
0.97	0.886	0	0.023	0.97
1	0.887	0	0.023	1
0.78	0.882	0	0.023	0.78
0.785	0.882	0	0.023	0.785
0.74	0.881	0	0.023	0.74
0.97	0.886	0	0.023	0.97
0.76	0.882	0	0.023	0.76
0.91	0.885	0	0.023	0.91
0.82	0.883	0	0.023	0.82
0.945	0.886	0	0.023	0.945
0.825	0.883	0	0.023	0.825
0.805	0.883	0	0.023	0.805
0.965	0.886	0	0.023	0.965
0.93	0.885	0	0.023	0.93
0.965	0.886	0	0.023	0.965
0.91	0.885	0	0.023	0.91
0.83	0.883	0	0.023	0.83
0.88	0.884	0	0.023	0.88
0.765	0.882	0	0.023	0.765
0.845	0.883	0	0.023	0.845
0.94	0.886	0	0.023	0.94
0.97	0.886	0	0.023	0.97
1	0.887	0	0.023	1
1.005	0.887	0	0.023	1.005
1.005	0.887	0	0.023	1.005
0.89	0.885	0	0.023	0.89
0.775	0.882	0	0.023	0.775
0.905	0.885	0	0.023	0.905
0.86	0.884	0	0.023	0.86
0.87	0.884	0	0.023	0.87
1.035	0.888	0	0.023	1.035
0.805	0.883	0	0.023	0.805
0.97	0.886	0	0.023	0.97
0.73	0.881	0	0.023	0.73
0.78	0.882	0	0.023	0.78
0.91	0.885	0	0.023	0.91
0.88	0.884	0	0.023	0.88
1	0.887	0	0.023	1
0.765	0.882	0	0.023	0.765
0.76	0.882	0	0.023	0.76
0.805	0.883	0	0.023	0.805
0.87	0.884	0	0.023	0.87
1.03	0.888	0	0.023	1.03
0.965	0.886	0	0.023	0.965
0.94	0.886	0	0.023	0.94
0.805	0.883	0	0.023	0.805
0.88	0.884	0	0.023	0.88
0.845	0.883	0	0.023	0.845
0.825	0.883	0	0.023	0.825
0.87	0.884	0	0.023	0.87
0.91	0.885	0	0.023	0.91
0.965	0.886	0	0.023	0.965
0.785	0.882	0	0.023	0.785
0.97	0.886	0	0.023	0.97
0.865	0.884	0	0.023	0.865
0.795	0.882	0	0.023	0.795
0.875	0.884	0	0.023	0.875
0.94	0.886	0	0.023	0.94
0.855	0.884	0	0.023	0.855
0.94	0.886	0	0.023	0.94
0.835	0.883	0	0.023	0.835
0.75	0.881	0	0.023	0.75
0.91	0.885	0	0.023	0.91
0.845	0.883	0	0.023	0.845
1	0.887	0	0.023	1
0.94	0.886	0	0.023	0.94
0.94	0.886	0	0.023	0.94
0.91	0.885	0	0.023	0.91
0.845	0.883	0	0.023	0.845
0.935	0.886	0	0.023	0.935
0.795	0.882	0	0.023	0.795
1.03	0.888	0	0.023	1.03
0.855	0.884	0	0.023	0.855
0.91	0.885	0	0.023	0.91
0.73	0.881	0	0.023	0.73
0.865	0.884	0	0.023	0.865
0.91	0.885	0	0.023	0.91
0.82	0.883	0	0.023	0.82
0.97	0.886	0	0.023	0.97
0.725	0.881	0	0.023	0.725
0.97	0.886	0	0.023	0.97
0.91	0.885	0	0.023	0.91
0.97	0.886	0	0.023	0.97
0.85	0.884	0	0.023	0.85
0.845	0.883	0	0.023	0.845
0.88	0.884	0	0.023	0.88
0.92	0.885	0	0.023	0.92
0.75	0.881	0	0.023	0.75
0.87	0.884	0	0.023	0.87
0.875	0.884	0	0.023	0.875
0.815	0.883	0	0.023	0.815
0.88	0.884	0	0.023	0.88
0.875	0.884	0	0.023	0.875
0.94	0.886	0	0.023	0.94
0.905	0.885	0	0.023	0.905
0.875	0.884	0	0.023	0.875
0.815	0.883	0	0.023	0.815
0.76	0.882	0	0.023	0.76
0.94	0.886	0	0.023	0.94
0.945	0.886	0	0.023	0.945
0.91	0.885	0	0.023	0.91
0.94	0.886	0	0.023	0.94
0.88	0.884	0	0.023	0.88
0.655	0.879	0	0.023	0.655
1	0.887	0	0.023	1
0.905	0.885	0	0.023	0.905
0.725	0.881	0	0.023	0.725
0.88	0.884	0	0.023	0.88
1	0.887	0	0.023	1
0.91	0.885	0	0.023	0.91
0.885	0.884	0	0.023	0.885
0.88	0.884	0	0.023	0.88
0.685	0.66	0	0.005	0.685
0.47	0.659	0	0.005	0.47
0.625	0.66	0	0.005	0.625
0.72	0.66	0	0.005	0.72
0.8	0.661	0	0.005	0.8
0.56	0.659	0	0.005	0.56
0.655	0.66	0	0.005	0.655
0.355	0.658	0	0.005	0.355
0.55	0.659	0	0.005	0.55
0.475	0.659	0	0.005	0.475
1	0.662	0	0.005	1
0.68	0.66	0	0.005	0.68
0.895	0.661	0	0.005	0.895
0.45	0.659	0	0.005	0.45
0.73	0.66	0	0.005	0.73
0.63	0.66	0	0.005	0.63
0.7	0.66	0	0.005	0.7
0.85	0.661	0	0.005	0.85
0.645	0.66	0	0.005	0.645
0.725	0.66	0	0.005	0.725
0.545	0.659	0	0.005	0.545
0.69	0.66	0	0.005	0.69
0.585	0.659	0	0.005	0.585
1.135	0.662	0	0.005	1.135
0.54	0.659	0	0.005	0.54
0.625	0.66	0	0.005	0.625
0.835	0.661	0	0.005	0.835
0.53	0.659	0	0.005	0.53
0.965	0.661	0	0.005	0.965
0.72	0.66	0	0.005	0.72
0.605	0.659	0	0.005	0.605
0.74	0.66	0	0.005	0.74
0.885	0.661	0	0.005	0.885
0.865	0.661	0	0.005	0.865
0.875	0.661	0	0.005	0.875
0.575	0.659	0	0.005	0.575
0.865	0.661	0	0.005	0.865
0.39	0.658	0	0.005	0.39
0.67	0.66	0	0.005	0.67
0.675	0.66	0	0.005	0.675
0.385	0.658	0	0.005	0.385
0.555	0.659	0	0.005	0.555
0.915	0.661	0	0.005	0.915
0.56	0.659	0	0.005	0.56
0.675	0.66	0	0.005	0.675
0.785	0.66	0	0.005	0.785
0.735	0.66	0	0.005	0.735
0.93	0.661	0	0.005	0.93
0.635	0.66	0	0.005	0.635
0.405	0.658	0	0.005	0.405
0.515	0.659	0	0.005	0.515
0.53	0.659	0	0.005	0.53
0.76	0.66	0	0.005	0.76
0.52	0.659	0	0.005	0.52
1.02	0.662	0	0.005	1.02
0.75	0.66	0	0.005	0.75
0.8	0.661	0	0.005	0.8
0.635	0.66	0	0.005	0.635
0.545	0.659	0	0.005	0.545
0.73	0.66	0	0.005	0.73
0.605	0.659	0	0.005	0.605
0.585	0.659	0	0.005	0.585
0.655	0.66	0	0.005	0.655
0.62	0.66	0	0.005	0.62
0.455	0.659	0	0.005	0.455
0.805	0.661	0	0.005	0.805
0.73	0.66	0	0.005	0.73
0.65	0.66	0	0.005	0.65
0.595	0.659	0	0.005	0.595
0.625	0.66	0	0.005	0.625
0.51	0.659	0	0.005	0.51
0.905	0.661	0	0.005	0.905
0.605	0.659	0	0.005	0.605
0.955	0.661	0	0.005	0.955
0.895	0.661	0	0.005	0.895
0.32	0.658	0	0.005	0.32
0.675	0.66	0	0.005	0.675
0.67	0.66	0	0.005	0.67
0.83	0.661	0	0.005	0.83
0.655	0.66	0	0.005	0.655
0.64	0.66	0	0.005	0.64
0.425	0.658	0	0.005	0.425
0.48	0.659	0	0.005	0.48
0.52	0.659	0	0.005	0.52
0.785	0.66	0	0.005	0.785
0.69	0.66	0	0.005	0.69
0.82	0.661	0	0.005	0.82
0.71	0.66	0	0.005	0.71
0.655	0.66	0	0.005	0.655
0.61	0.659	0	0.005	0.61
0.45	0.659	0	0.005	0.45
0.445	0.659	0	0.005	0.445
1	0.662	0	0.005	1
0.925	0.661	0	0.005	0.925
0.555	0.659	0	0.005	0.555
0.79	0.66	0	0.005	0.79
0.22	0.657	0	0.005	0.22
0.605	0.659	0	0.005	0.605
0.775	0.66	0	0.005	0.775
0.95	0.661	0	0.005	0.95
0.585	0.659	0	0.005	0.585
0.97	0.661	0	0.005	0.97
0.575	0.659	0	0.005	0.575
0.45	0.659	0	0.005	0.45
0.275	0.658	0	0.005	0.275
0.66	0.66	0	0.005	0.66
0.56	0.659	0	0.005	0.56
0.63	0.66	0	0.005	0.63
0.925	0.661	0	0.005	0.925
0.66	0.66	0	0.005	0.66
0.66	0.66	0	0.005	0.66
0.405	0.658	0	0.005	0.405
0.64	0.66	0	0.005	0.64
0.63	0.66	0	0.005	0.63
0.53	0.659	0	0.005	0.53
0.7	0.66	0	0.005	0.7
0.94	0.661	0	0.005	0.94
0.875	0.661	0	0.005	0.875
0.84	0.661	0	0.005	0.84
0.545	0.659	0	0.005	0.545
0.735	0.66	0	0.005	0.735
0.7	0.66	0	0.005	0.7
0.295	0.658	0	0.005	0.295
0.8	0.661	0	0.005	0.8
0.47	0.659	0	0.005	0.47
0.545	0.659	0	0.005	0.545
1.16	0.663	0	0.005	1.16
0.57	0.659	0	0.005	0.57
0.71	0.66	0	0.005	0.71
0.625	0.66	0	0.005	0.625
0.585	0.659	0	0.005	0.585
0.56	0.659	0	0.005	0.56
0.565	0.659	0	0.005	0.565
0.53	0.659	0	0.005	0.53
0.39	0.658	0	0.005	0.39
0.835	0.661	0	0.005	0.835
0.51	0.659	0	0.005	0.51
0.685	0.66	0	0.005	0.685
0.615	0.66	0	0.005	0.615
0.71	0.66	0	0.005	0.71
0.58	0.659	0	0.005	0.58
0.73	0.66	0	0.005	0.73
0.52	0.659	0	0.005	0.52
0.585	0.659	0	0.005	0.585
0.355	0.658	0	0.005	0.355
0.865	0.661	0	0.005	0.865
0.515	0.659	0	0.005	0.515
0.65	0.66	0	0.005	0.65
0.73	0.66	0	0.005	0.73
0.61	0.659	0	0.005	0.61
0.32	0.658	0	0.005	0.32
0.435	0.659	0	0.005	0.435
0.94	0.661	0	0.005	0.94
0.71	0.66	0	0.005	0.71
0.47	0.659	0	0.005	0.47
0.9	0.661	0	0.005	0.9
0.45	0.659	0	0.005	0.45
0.655	0.66	0	0.005	0.655
0.84	0.661	0	0.005	0.84
0.49	0.659	0	0.005	0.49
0.685	0.66	0	0.005	0.685
0.475	0.659	0	0.005	0.475
0.65	0.66	0	0.005	0.65
0.765	0.66	0	0.005	0.765
0.765	0.66	0	0.005	0.765
0.675	0.66	0	0.005	0.675
0.89	0.661	0	0.005	0.89
0.64	0.66	0	0.005	0.64
