AD_blue	AD_blup	AD_PEV	AD_pevReliability	AD_means
71.5	69.876	0.5	0.216	71.5
74	70.416	0.5	0.216	74
74.5	70.524	0.5	0.216	74.5
68.5	69.228	0.5	0.216	68.5
66.5	68.796	0.5	0.216	66.5
68	69.12	0.5	0.216	68
69	69.336	0.5	0.216	69
68.5	69.228	0.5	0.216	68.5
69	69.336	0.5	0.216	69
68	69.12	0.5	0.216	68
69.5	69.444	0.5	0.216	69.5
70.5	69.66	0.5	0.216	70.5
69	69.336	0.5	0.216	69
70.5	69.66	0.5	0.216	70.5
70	69.552	0.5	0.216	70
68	69.12	0.5	0.216	68
66.5	68.796	0.5	0.216	66.5
68	69.12	0.5	0.216	68
69	69.336	0.5	0.216	69
68	69.12	0.5	0.216	68
70.5	69.66	0.5	0.216	70.5
71	69.768	0.5	0.216	71
74	70.416	0.5	0.216	74
71	69.768	0.5	0.216	71
71	69.768	0.5	0.216	71
70	69.552	0.5	0.216	70
70	69.552	0.5	0.216	70
69	69.336	0.5	0.216	69
69	69.336	0.5	0.216	69
68.5	69.228	0.5	0.216	68.5
69.5	69.444	0.5	0.216	69.5
71	69.768	0.5	0.216	71
69.5	69.444	0.5	0.216	69.5
66.5	68.796	0.5	0.216	66.5
69	69.336	0.5	0.216	69
69	69.336	0.5	0.216	69
69	69.336	0.5	0.216	69
71	69.768	0.5	0.216	71
71	69.768	0.5	0.216	71
71.5	69.876	0.5	0.216	71.5
68	69.12	0.5	0.216	68
68.5	69.228	0.5	0.216	68.5
67.5	69.012	0.5	0.216	67.5
68	69.12	0.5	0.216	68
68	69.12	0.5	0.216	68
67	68.904	0.5	0.216	67
68	69.12	0.5	0.216	68
67.5	69.012	0.5	0.216	67.5
69	69.336	0.5	0.216	69
70	69.552	0.5	0.216	70
68	69.12	0.5	0.216	68
68.5	69.228	0.5	0.216	68.5
68.5	69.228	0.5	0.216	68.5
69	69.336	0.5	0.216	69
69	69.336	0.5	0.216	69
67.5	69.012	0.5	0.216	67.5
68	69.12	0.5	0.216	68
69	69.336	0.5	0.216	69
68	69.12	0.5	0.216	68
68.5	69.228	0.5	0.216	68.5
68	69.12	0.5	0.216	68
68	69.12	0.5	0.216	68
68	69.12	0.5	0.216	68
67	68.904	0.5	0.216	67
70.5	69.66	0.5	0.216	70.5
68.5	69.228	0.5	0.216	68.5
69	69.336	0.5	0.216	69
69.5	69.444	0.5	0.216	69.5
69.5	69.444	0.5	0.216	69.5
70	69.552	0.5	0.216	70
69.5	69.444	0.5	0.216	69.5
68	69.12	0.5	0.216	68
69	69.336	0.5	0.216	69
71	69.768	0.5	0.216	71
67.5	69.012	0.5	0.216	67.5
68.5	69.228	0.5	0.216	68.5
68	69.12	0.5	0.216	68
72.5	70.092	0.5	0.216	72.5
68.5	69.228	0.5	0.216	68.5
70.5	69.66	0.5	0.216	70.5
71	69.768	0.5	0.216	71
75	70.633	0.5	0.216	75
68	69.12	0.5	0.216	68
71.5	69.876	0.5	0.216	71.5
71	69.768	0.5	0.216	71
70	69.552	0.5	0.216	70
70	69.552	0.5	0.216	70
67.5	69.012	0.5	0.216	67.5
68	69.12	0.5	0.216	68
66.5	68.796	0.5	0.216	66.5
70	69.552	0.5	0.216	70
70	69.552	0.5	0.216	70
71	69.768	0.5	0.216	71
73.5	70.308	0.5	0.216	73.5
70	69.552	0.5	0.216	70
70	69.552	0.5	0.216	70
67	68.904	0.5	0.216	67
70.5	69.66	0.5	0.216	70.5
68.5	69.228	0.5	0.216	68.5
70	69.552	0.5	0.216	70
67.5	69.012	0.5	0.216	67.5
67.5	69.012	0.5	0.216	67.5
71	69.768	0.5	0.216	71
69	69.336	0.5	0.216	69
71	69.768	0.5	0.216	71
70	69.552	0.5	0.216	70
68	69.12	0.5	0.216	68
69.5	69.444	0.5	0.216	69.5
68	69.12	0.5	0.216	68
70	69.552	0.5	0.216	70
67.5	69.012	0.5	0.216	67.5
70.5	69.66	0.5	0.216	70.5
69	69.336	0.5	0.216	69
68.5	69.228	0.5	0.216	68.5
68.5	69.228	0.5	0.216	68.5
69.5	69.444	0.5	0.216	69.5
69.5	69.444	0.5	0.216	69.5
68	69.12	0.5	0.216	68
68.5	69.228	0.5	0.216	68.5
70	69.552	0.5	0.216	70
71	69.768	0.5	0.216	71
70.5	69.66	0.5	0.216	70.5
69	69.336	0.5	0.216	69
70.5	69.66	0.5	0.216	70.5
72.5	70.092	0.5	0.216	72.5
70	69.552	0.5	0.216	70
68	69.12	0.5	0.216	68
70.5	69.66	0.5	0.216	70.5
71	69.768	0.5	0.216	71
67	68.904	0.5	0.216	67
69.5	69.444	0.5	0.216	69.5
68	69.12	0.5	0.216	68
70.5	69.66	0.5	0.216	70.5
68.5	69.228	0.5	0.216	68.5
71	69.768	0.5	0.216	71
69	69.336	0.5	0.216	69
70	69.552	0.5	0.216	70
67	68.904	0.5	0.216	67
68	69.12	0.5	0.216	68
68	69.12	0.5	0.216	68
70	69.552	0.5	0.216	70
68.5	69.228	0.5	0.216	68.5
68.5	69.228	0.5	0.216	68.5
69.5	69.444	0.5	0.216	69.5
67.5	69.012	0.5	0.216	67.5
70	69.552	0.5	0.216	70
68	69.12	0.5	0.216	68
67	68.904	0.5	0.216	67
69	69.336	0.5	0.216	69
71.5	69.876	0.5	0.216	71.5
70.5	69.66	0.5	0.216	70.5
71	69.768	0.5	0.216	71
69.5	69.444	0.5	0.216	69.5
72.5	70.092	0.5	0.216	72.5
72	69.984	0.5	0.216	72
70.5	69.66	0.5	0.216	70.5
70.5	69.66	0.5	0.216	70.5
70.5	69.66	0.5	0.216	70.5
74.5	70.524	0.5	0.216	74.5
67	68.904	0.5	0.216	67
69	69.336	0.5	0.216	69
70	69.552	0.5	0.216	70
68	69.12	0.5	0.216	68
72.5	70.092	0.5	0.216	72.5
71	69.768	0.5	0.216	71
75.5	70.741	0.5	0.216	75.5
68	69.12	0.5	0.216	68
68.5	69.228	0.5	0.216	68.5
72	71.836	0.301	0.319	72
71.5	71.676	0.301	0.319	71.5
70	71.195	0.301	0.319	70
71.5	71.676	0.301	0.319	71.5
71	71.515	0.301	0.319	71
72.5	71.997	0.301	0.319	72.5
71.5	71.676	0.301	0.319	71.5
72	71.836	0.301	0.319	72
71.5	71.676	0.301	0.319	71.5
71.5	71.676	0.301	0.319	71.5
72.5	71.997	0.301	0.319	72.5
72	71.836	0.301	0.319	72
71	71.515	0.301	0.319	71
72	71.836	0.301	0.319	72
73.5	72.317	0.301	0.319	73.5
71.5	71.676	0.301	0.319	71.5
69.5	71.034	0.301	0.319	69.5
70	71.195	0.301	0.319	70
72	71.836	0.301	0.319	72
72	71.836	0.301	0.319	72
70.5	71.355	0.301	0.319	70.5
71.5	71.676	0.301	0.319	71.5
71.5	71.676	0.301	0.319	71.5
71.5	71.676	0.301	0.319	71.5
72	71.836	0.301	0.319	72
72.5	71.997	0.301	0.319	72.5
72	71.836	0.301	0.319	72
71	71.515	0.301	0.319	71
71	71.515	0.301	0.319	71
72	71.836	0.301	0.319	72
72	71.836	0.301	0.319	72
72.5	71.997	0.301	0.319	72.5
72	71.836	0.301	0.319	72
72	71.836	0.301	0.319	72
73	72.157	0.301	0.319	73
72.5	71.997	0.301	0.319	72.5
71.5	71.676	0.301	0.319	71.5
71	71.515	0.301	0.319	71
72	71.836	0.301	0.319	72
71.5	71.676	0.301	0.319	71.5
72	71.836	0.301	0.319	72
72.5	71.997	0.301	0.319	72.5
72.5	71.997	0.301	0.319	72.5
69.5	71.034	0.301	0.319	69.5
71.5	71.676	0.301	0.319	71.5
72	71.836	0.301	0.319	72
71.5	71.676	0.301	0.319	71.5
72	71.836	0.301	0.319	72
72.5	71.997	0.301	0.319	72.5
71.5	71.676	0.301	0.319	71.5
71.5	71.676	0.301	0.319	71.5
71	71.515	0.301	0.319	71
71	71.515	0.301	0.319	71
72	71.836	0.301	0.319	72
71.5	71.676	0.301	0.319	71.5
72	71.836	0.301	0.319	72
72	71.836	0.301	0.319	72
73	72.157	0.301	0.319	73
73.5	72.317	0.301	0.319	73.5
69.5	71.034	0.301	0.319	69.5
69	70.874	0.301	0.319	69
71.5	71.676	0.301	0.319	71.5
70	71.195	0.301	0.319	70
71.5	71.676	0.301	0.319	71.5
74	72.478	0.301	0.319	74
73	72.157	0.301	0.319	73
70	71.195	0.301	0.319	70
72	71.836	0.301	0.319	72
72	71.836	0.301	0.319	72
72	71.836	0.301	0.319	72
71.5	71.676	0.301	0.319	71.5
72	71.836	0.301	0.319	72
72	71.836	0.301	0.319	72
71.5	71.676	0.301	0.319	71.5
68	70.553	0.301	0.319	68
72	71.836	0.301	0.319	72
69.5	71.034	0.301	0.319	69.5
73	72.157	0.301	0.319	73
71.5	71.676	0.301	0.319	71.5
73.5	72.317	0.301	0.319	73.5
76	73.119	0.301	0.319	76
71.5	71.676	0.301	0.319	71.5
70	71.195	0.301	0.319	70
76	73.119	0.301	0.319	76
70.5	71.355	0.301	0.319	70.5
70	71.195	0.301	0.319	70
71.5	71.676	0.301	0.319	71.5
72	71.836	0.301	0.319	72
71	71.515	0.301	0.319	71
71	71.515	0.301	0.319	71
71.5	71.676	0.301	0.319	71.5
72	71.836	0.301	0.319	72
71.5	71.676	0.301	0.319	71.5
70	71.195	0.301	0.319	70
72	71.836	0.301	0.319	72
72	71.836	0.301	0.319	72
71.5	71.676	0.301	0.319	71.5
72.5	71.997	0.301	0.319	72.5
70	71.195	0.301	0.319	70
71	71.515	0.301	0.319	71
71.5	71.676	0.301	0.319	71.5
72	71.836	0.301	0.319	72
72	71.836	0.301	0.319	72
72	71.836	0.301	0.319	72
74	72.478	0.301	0.319	74
71.5	71.676	0.301	0.319	71.5
71.5	71.676	0.301	0.319	71.5
71	71.515	0.301	0.319	71
71.5	71.676	0.301	0.319	71.5
71.5	71.676	0.301	0.319	71.5
71.5	71.676	0.301	0.319	71.5
72	71.836	0.301	0.319	72
72	71.836	0.301	0.319	72
72	71.836	0.301	0.319	72
71.5	71.676	0.301	0.319	71.5
70	71.195	0.301	0.319	70
71	71.515	0.301	0.319	71
71.5	71.676	0.301	0.319	71.5
72	71.836	0.301	0.319	72
72	71.836	0.301	0.319	72
74	72.478	0.301	0.319	74
72.5	71.997	0.301	0.319	72.5
71	71.515	0.301	0.319	71
71.5	71.676	0.301	0.319	71.5
73	72.157	0.301	0.319	73
76	73.119	0.301	0.319	76
72	71.836	0.301	0.319	72
71	71.515	0.301	0.319	71
72	71.836	0.301	0.319	72
71.5	71.676	0.301	0.319	71.5
71.5	71.676	0.301	0.319	71.5
71.5	71.676	0.301	0.319	71.5
75.5	72.959	0.301	0.319	75.5
71.5	71.676	0.301	0.319	71.5
73	72.157	0.301	0.319	73
73	72.157	0.301	0.319	73
71.5	71.676	0.301	0.319	71.5
70.5	71.355	0.301	0.319	70.5
72.5	71.997	0.301	0.319	72.5
70	71.195	0.301	0.319	70
71	71.515	0.301	0.319	71
72	71.836	0.301	0.319	72
71.5	71.676	0.301	0.319	71.5
72	71.836	0.301	0.319	72
72	71.836	0.301	0.319	72
71.5	71.676	0.301	0.319	71.5
71	71.515	0.301	0.319	71
71	71.515	0.301	0.319	71
73.5	72.317	0.301	0.319	73.5
71.5	71.676	0.301	0.319	71.5
72.5	71.997	0.301	0.319	72.5
73.5	72.317	0.301	0.319	73.5
72	71.836	0.301	0.319	72
72	71.836	0.301	0.319	72
73.5	72.317	0.301	0.319	73.5
71.5	71.676	0.301	0.319	71.5
69	70.874	0.301	0.319	69
71.5	71.676	0.301	0.319	71.5
74.5	72.638	0.301	0.319	74.5
71.5	71.676	0.301	0.319	71.5
71.5	71.676	0.301	0.319	71.5
71.5	71.676	0.301	0.319	71.5
71	71.515	0.301	0.319	71
72	71.836	0.301	0.319	72
73	72.157	0.301	0.319	73
72	71.836	0.301	0.319	72
72	71.836	0.301	0.319	72
71	71.515	0.301	0.319	71
55	54.553	0.178	0.48	55
53.5	53.833	0.178	0.48	53.5
53.5	53.833	0.178	0.48	53.5
55	54.553	0.178	0.48	55
53.5	53.833	0.178	0.48	53.5
55	54.553	0.178	0.48	55
53	53.593	0.178	0.48	53
55	54.553	0.178	0.48	55
53	53.593	0.178	0.48	53
54.5	54.313	0.178	0.48	54.5
54.5	54.313	0.178	0.48	54.5
54.5	54.313	0.178	0.48	54.5
53.5	53.833	0.178	0.48	53.5
54.5	54.313	0.178	0.48	54.5
54.5	54.313	0.178	0.48	54.5
53.5	53.833	0.178	0.48	53.5
54.5	54.313	0.178	0.48	54.5
54	54.073	0.178	0.48	54
53.5	53.833	0.178	0.48	53.5
54.5	54.313	0.178	0.48	54.5
53.5	53.833	0.178	0.48	53.5
56.5	55.272	0.178	0.48	56.5
53.5	53.833	0.178	0.48	53.5
53.5	53.833	0.178	0.48	53.5
54.5	54.313	0.178	0.48	54.5
55	54.553	0.178	0.48	55
53	53.593	0.178	0.48	53
55.5	54.793	0.178	0.48	55.5
54	54.073	0.178	0.48	54
55.5	54.793	0.178	0.48	55.5
54	54.073	0.178	0.48	54
55.5	54.793	0.178	0.48	55.5
55	54.553	0.178	0.48	55
55	54.553	0.178	0.48	55
54	54.073	0.178	0.48	54
53.5	53.833	0.178	0.48	53.5
54.5	54.313	0.178	0.48	54.5
56	55.032	0.178	0.48	56
53.5	53.833	0.178	0.48	53.5
53	53.593	0.178	0.48	53
54	54.073	0.178	0.48	54
54	54.073	0.178	0.48	54
54.5	54.313	0.178	0.48	54.5
53	53.593	0.178	0.48	53
54.5	54.313	0.178	0.48	54.5
55	54.553	0.178	0.48	55
54.5	54.313	0.178	0.48	54.5
54	54.073	0.178	0.48	54
53	53.593	0.178	0.48	53
53.5	53.833	0.178	0.48	53.5
54	54.073	0.178	0.48	54
55	54.553	0.178	0.48	55
53	53.593	0.178	0.48	53
54.5	54.313	0.178	0.48	54.5
52.5	53.353	0.178	0.48	52.5
53	53.593	0.178	0.48	53
54.5	54.313	0.178	0.48	54.5
53.5	53.833	0.178	0.48	53.5
53	53.593	0.178	0.48	53
53	53.593	0.178	0.48	53
53	53.593	0.178	0.48	53
53	53.593	0.178	0.48	53
53.5	53.833	0.178	0.48	53.5
54	54.073	0.178	0.48	54
53.5	53.833	0.178	0.48	53.5
55	54.553	0.178	0.48	55
54	54.073	0.178	0.48	54
53	53.593	0.178	0.48	53
54	54.073	0.178	0.48	54
55.5	54.793	0.178	0.48	55.5
54.5	54.313	0.178	0.48	54.5
53	53.593	0.178	0.48	53
55.5	54.793	0.178	0.48	55.5
55	54.553	0.178	0.48	55
53.5	53.833	0.178	0.48	53.5
55	54.553	0.178	0.48	55
53.5	53.833	0.178	0.48	53.5
55.5	54.793	0.178	0.48	55.5
53.5	53.833	0.178	0.48	53.5
56	55.032	0.178	0.48	56
54.5	54.313	0.178	0.48	54.5
54	54.073	0.178	0.48	54
54.5	54.313	0.178	0.48	54.5
54.5	54.313	0.178	0.48	54.5
54.5	54.313	0.178	0.48	54.5
54	54.073	0.178	0.48	54
54.5	54.313	0.178	0.48	54.5
54	54.073	0.178	0.48	54
53	53.593	0.178	0.48	53
53	53.593	0.178	0.48	53
53.5	53.833	0.178	0.48	53.5
56	55.032	0.178	0.48	56
54.5	54.313	0.178	0.48	54.5
53.5	53.833	0.178	0.48	53.5
55	54.553	0.178	0.48	55
54.5	54.313	0.178	0.48	54.5
55	54.553	0.178	0.48	55
55.5	54.793	0.178	0.48	55.5
53.5	53.833	0.178	0.48	53.5
54	54.073	0.178	0.48	54
54.5	54.313	0.178	0.48	54.5
55	54.553	0.178	0.48	55
54	54.073	0.178	0.48	54
55	54.553	0.178	0.48	55
55.5	54.793	0.178	0.48	55.5
54	54.073	0.178	0.48	54
54.5	54.313	0.178	0.48	54.5
54.5	54.313	0.178	0.48	54.5
54	54.073	0.178	0.48	54
54	54.073	0.178	0.48	54
53	53.593	0.178	0.48	53
54.5	54.313	0.178	0.48	54.5
54.5	54.313	0.178	0.48	54.5
54	54.073	0.178	0.48	54
54	54.073	0.178	0.48	54
54.5	54.313	0.178	0.48	54.5
53	53.593	0.178	0.48	53
53	53.593	0.178	0.48	53
53.5	53.833	0.178	0.48	53.5
54	54.073	0.178	0.48	54
53	53.593	0.178	0.48	53
54	54.073	0.178	0.48	54
53.5	53.833	0.178	0.48	53.5
54.5	54.313	0.178	0.48	54.5
54.5	54.313	0.178	0.48	54.5
54.5	54.313	0.178	0.48	54.5
54	54.073	0.178	0.48	54
53	53.593	0.178	0.48	53
53.5	53.833	0.178	0.48	53.5
53	53.593	0.178	0.48	53
54.5	54.313	0.178	0.48	54.5
53	53.593	0.178	0.48	53
54	54.073	0.178	0.48	54
54	54.073	0.178	0.48	54
54.5	54.313	0.178	0.48	54.5
53.5	53.833	0.178	0.48	53.5
53	53.593	0.178	0.48	53
53.5	53.833	0.178	0.48	53.5
53	53.593	0.178	0.48	53
54.5	54.313	0.178	0.48	54.5
54.5	54.313	0.178	0.48	54.5
53.5	53.833	0.178	0.48	53.5
53	53.593	0.178	0.48	53
53	53.593	0.178	0.48	53
54.5	54.313	0.178	0.48	54.5
54	54.073	0.178	0.48	54
55.5	54.793	0.178	0.48	55.5
52.5	53.353	0.178	0.48	52.5
54.5	54.313	0.178	0.48	54.5
54.5	54.313	0.178	0.48	54.5
56	55.032	0.178	0.48	56
54.5	54.313	0.178	0.48	54.5
54	54.073	0.178	0.48	54
54.5	54.313	0.178	0.48	54.5
56.5	55.272	0.178	0.48	56.5
54.5	54.313	0.178	0.48	54.5
56	55.032	0.178	0.48	56
54.5	54.313	0.178	0.48	54.5
53.5	53.833	0.178	0.48	53.5
54.5	54.313	0.178	0.48	54.5
53.5	53.833	0.178	0.48	53.5
54.5	54.313	0.178	0.48	54.5
53	53.593	0.178	0.48	53
54	54.073	0.178	0.48	54
54.5	54.313	0.178	0.48	54.5
55.5	54.793	0.178	0.48	55.5
54	54.073	0.178	0.48	54
54.5	54.313	0.178	0.48	54.5
52	53.388	0.928	0.318	52
52	53.388	0.928	0.318	52
56	54.665	0.928	0.318	56
56.5	54.824	0.928	0.318	56.5
51.5	53.228	0.928	0.318	51.5
55.5	54.505	0.928	0.318	55.5
54.5	54.186	0.928	0.318	54.5
54	54.026	0.928	0.318	54
54.5	54.186	0.928	0.318	54.5
56.5	54.824	0.928	0.318	56.5
55.5	54.505	0.928	0.318	55.5
54.5	54.186	0.928	0.318	54.5
57	54.984	0.928	0.318	57
52	53.388	0.928	0.318	52
55.5	54.505	0.928	0.318	55.5
54.5	54.186	0.928	0.318	54.5
50	52.75	0.928	0.318	50
54.5	54.186	0.928	0.318	54.5
53	53.707	0.928	0.318	53
56	54.665	0.928	0.318	56
57.5	55.143	0.928	0.318	57.5
54	54.026	0.928	0.318	54
51	53.069	0.928	0.318	51
50	52.75	0.928	0.318	50
54	54.026	0.928	0.318	54
52	53.388	0.928	0.318	52
54	54.026	0.928	0.318	54
53	53.707	0.928	0.318	53
52.5	53.548	0.928	0.318	52.5
54.5	54.186	0.928	0.318	54.5
54.5	54.186	0.928	0.318	54.5
50.5	52.909	0.928	0.318	50.5
58	55.303	0.928	0.318	58
53	53.707	0.928	0.318	53
53.5	53.867	0.928	0.318	53.5
53.5	53.867	0.928	0.318	53.5
50.5	52.909	0.928	0.318	50.5
53.5	53.867	0.928	0.318	53.5
53	53.707	0.928	0.318	53
55	54.345	0.928	0.318	55
53	53.707	0.928	0.318	53
53	53.707	0.928	0.318	53
52.5	53.548	0.928	0.318	52.5
51.5	53.228	0.928	0.318	51.5
56.5	54.824	0.928	0.318	56.5
53	53.707	0.928	0.318	53
54	54.026	0.928	0.318	54
54	54.026	0.928	0.318	54
52	53.388	0.928	0.318	52
53.5	53.867	0.928	0.318	53.5
54.5	54.186	0.928	0.318	54.5
51	53.069	0.928	0.318	51
53	53.707	0.928	0.318	53
55	54.345	0.928	0.318	55
54.5	54.186	0.928	0.318	54.5
56.5	54.824	0.928	0.318	56.5
51.5	53.228	0.928	0.318	51.5
54	54.026	0.928	0.318	54
57	54.984	0.928	0.318	57
52.5	53.548	0.928	0.318	52.5
51.5	53.228	0.928	0.318	51.5
51	53.069	0.928	0.318	51
51	53.069	0.928	0.318	51
55	54.345	0.928	0.318	55
53	53.707	0.928	0.318	53
54.5	54.186	0.928	0.318	54.5
53.5	53.867	0.928	0.318	53.5
53	53.707	0.928	0.318	53
52	53.388	0.928	0.318	52
54	54.026	0.928	0.318	54
54	54.026	0.928	0.318	54
55	54.345	0.928	0.318	55
58.5	55.462	0.928	0.318	58.5
53.5	53.867	0.928	0.318	53.5
53	53.707	0.928	0.318	53
53	53.707	0.928	0.318	53
55	54.345	0.928	0.318	55
56	54.665	0.928	0.318	56
53	53.707	0.928	0.318	53
58.5	55.462	0.928	0.318	58.5
58.5	55.462	0.928	0.318	58.5
54.5	54.186	0.928	0.318	54.5
54	54.026	0.928	0.318	54
55.5	54.505	0.928	0.318	55.5
56	54.665	0.928	0.318	56
56	54.665	0.928	0.318	56
53	53.707	0.928	0.318	53
53.5	53.867	0.928	0.318	53.5
53.5	53.867	0.928	0.318	53.5
54.5	54.186	0.928	0.318	54.5
54.5	54.186	0.928	0.318	54.5
55.5	54.505	0.928	0.318	55.5
56	54.665	0.928	0.318	56
56	54.665	0.928	0.318	56
52.5	53.548	0.928	0.318	52.5
54.5	54.186	0.928	0.318	54.5
53.5	53.867	0.928	0.318	53.5
52	53.388	0.928	0.318	52
52.5	53.548	0.928	0.318	52.5
56.5	54.824	0.928	0.318	56.5
59.5	55.782	0.928	0.318	59.5
55.5	54.505	0.928	0.318	55.5
53.5	53.867	0.928	0.318	53.5
56.5	54.824	0.928	0.318	56.5
55	54.345	0.928	0.318	55
55.5	54.505	0.928	0.318	55.5
58	55.303	0.928	0.318	58
55	54.345	0.928	0.318	55
53.5	53.867	0.928	0.318	53.5
54.5	54.186	0.928	0.318	54.5
51.5	53.228	0.928	0.318	51.5
52.5	53.548	0.928	0.318	52.5
52.5	53.548	0.928	0.318	52.5
52	53.388	0.928	0.318	52
54.5	54.186	0.928	0.318	54.5
52	53.388	0.928	0.318	52
58	55.303	0.928	0.318	58
51	53.069	0.928	0.318	51
51.5	53.228	0.928	0.318	51.5
53	53.707	0.928	0.318	53
55.5	54.505	0.928	0.318	55.5
58	55.303	0.928	0.318	58
54	54.026	0.928	0.318	54
55	54.345	0.928	0.318	55
53	53.707	0.928	0.318	53
51	53.069	0.928	0.318	51
54	54.026	0.928	0.318	54
54	54.026	0.928	0.318	54
52.5	53.548	0.928	0.318	52.5
54.5	54.186	0.928	0.318	54.5
52	53.388	0.928	0.318	52
55.5	54.505	0.928	0.318	55.5
51.5	53.228	0.928	0.318	51.5
54.5	54.186	0.928	0.318	54.5
60.5	56.101	0.928	0.318	60.5
53.5	53.867	0.928	0.318	53.5
54.5	54.186	0.928	0.318	54.5
53.5	53.867	0.928	0.318	53.5
54	54.026	0.928	0.318	54
49.5	52.59	0.928	0.318	49.5
54.5	54.186	0.928	0.318	54.5
57	54.984	0.928	0.318	57
52	53.388	0.928	0.318	52
53	53.707	0.928	0.318	53
54	54.026	0.928	0.318	54
58.5	55.462	0.928	0.318	58.5
53.5	53.867	0.928	0.318	53.5
53	53.707	0.928	0.318	53
53	53.707	0.928	0.318	53
53	53.707	0.928	0.318	53
53.5	53.867	0.928	0.318	53.5
54	54.026	0.928	0.318	54
52.5	53.548	0.928	0.318	52.5
53	53.707	0.928	0.318	53
53.5	53.867	0.928	0.318	53.5
60	55.941	0.928	0.318	60
52.5	53.548	0.928	0.318	52.5
53	53.707	0.928	0.318	53
54	54.026	0.928	0.318	54
58	55.303	0.928	0.318	58
53	53.707	0.928	0.318	53
54	54.026	0.928	0.318	54
50.5	52.909	0.928	0.318	50.5
53.5	53.867	0.928	0.318	53.5
53	53.707	0.928	0.318	53
55.5	54.505	0.928	0.318	55.5
53.5	53.867	0.928	0.318	53.5
58.5	55.462	0.928	0.318	58.5
90	91.351	0	0	90
90	91.351	0	0	90
89.5	91.351	0	0	89.5
95	91.351	0	0	95
89	91.351	0	0	89
89.5	91.351	0	0	89.5
89	91.351	0	0	89
93	91.351	0	0	93
87.5	91.351	0	0	87.5
91.5	91.351	0	0	91.5
95.5	91.351	0	0	95.5
94.5	91.351	0	0	94.5
92	91.351	0	0	92
93.5	91.351	0	0	93.5
94	91.351	0	0	94
90.5	91.351	0	0	90.5
88.5	91.351	0	0	88.5
89	91.351	0	0	89
89.5	91.351	0	0	89.5
92.5	91.351	0	0	92.5
88.5	91.351	0	0	88.5
91	91.351	0	0	91
90.5	91.351	0	0	90.5
92	91.351	0	0	92
93.5	91.351	0	0	93.5
92.5	91.351	0	0	92.5
92.5	91.351	0	0	92.5
92.5	91.351	0	0	92.5
88.5	91.351	0	0	88.5
92	91.351	0	0	92
90	91.351	0	0	90
92	91.351	0	0	92
90.5	91.351	0	0	90.5
91	91.351	0	0	91
89	91.351	0	0	89
91	91.351	0	0	91
89	91.351	0	0	89
92.5	91.351	0	0	92.5
91.5	91.351	0	0	91.5
92	91.351	0	0	92
90.5	91.351	0	0	90.5
89	91.351	0	0	89
93	91.351	0	0	93
93	91.351	0	0	93
90	91.351	0	0	90
90.5	91.351	0	0	90.5
93	91.351	0	0	93
92.5	91.351	0	0	92.5
90.5	91.351	0	0	90.5
93	91.351	0	0	93
90.5	91.351	0	0	90.5
92	91.351	0	0	92
91	91.351	0	0	91
91	91.351	0	0	91
94.5	91.351	0	0	94.5
90	91.351	0	0	90
94	91.351	0	0	94
90	91.351	0	0	90
93	91.351	0	0	93
89	91.351	0	0	89
89.5	91.351	0	0	89.5
91	91.351	0	0	91
99.5	91.351	0	0	99.5
91	91.351	0	0	91
91.5	91.351	0	0	91.5
92	91.351	0	0	92
90	91.351	0	0	90
91.5	91.351	0	0	91.5
92.5	91.351	0	0	92.5
92.5	91.351	0	0	92.5
91.5	91.351	0	0	91.5
89	91.351	0	0	89
92	91.351	0	0	92
91	91.351	0	0	91
89	91.351	0	0	89
90	91.351	0	0	90
91.5	91.351	0	0	91.5
95	91.351	0	0	95
94	91.351	0	0	94
90.5	91.351	0	0	90.5
93	91.351	0	0	93
91.5	91.351	0	0	91.5
91.5	91.351	0	0	91.5
90.5	91.351	0	0	90.5
92	91.351	0	0	92
91.5	91.351	0	0	91.5
90.5	91.351	0	0	90.5
90.5	91.351	0	0	90.5
89	91.351	0	0	89
91	91.351	0	0	91
89	91.351	0	0	89
93	91.351	0	0	93
91.5	91.351	0	0	91.5
91.5	91.351	0	0	91.5
94	91.351	0	0	94
93.5	91.351	0	0	93.5
92	91.351	0	0	92
93	91.351	0	0	93
88.5	91.351	0	0	88.5
88	91.351	0	0	88
93	91.351	0	0	93
91	91.351	0	0	91
94	91.351	0	0	94
92.5	91.351	0	0	92.5
95	91.351	0	0	95
91.5	91.351	0	0	91.5
92.5	91.351	0	0	92.5
90	91.351	0	0	90
89.5	91.351	0	0	89.5
89.5	91.351	0	0	89.5
92.5	91.351	0	0	92.5
91.5	91.351	0	0	91.5
94	91.351	0	0	94
90.5	91.351	0	0	90.5
92	91.351	0	0	92
91.5	91.351	0	0	91.5
87	91.351	0	0	87
93	91.351	0	0	93
90	91.351	0	0	90
89.5	91.351	0	0	89.5
91.5	91.351	0	0	91.5
90	91.351	0	0	90
90.5	91.351	0	0	90.5
93.5	91.351	0	0	93.5
94	91.351	0	0	94
91.5	91.351	0	0	91.5
90	91.351	0	0	90
92	91.351	0	0	92
93	91.351	0	0	93
89	91.351	0	0	89
91	91.351	0	0	91
93	91.351	0	0	93
90.5	91.351	0	0	90.5
93.5	91.351	0	0	93.5
90	91.351	0	0	90
95	91.351	0	0	95
87.5	91.351	0	0	87.5
90	91.351	0	0	90
89	91.351	0	0	89
90	91.351	0	0	90
92.5	91.351	0	0	92.5
88.5	91.351	0	0	88.5
91.5	91.351	0	0	91.5
93	91.351	0	0	93
92	91.351	0	0	92
91.5	91.351	0	0	91.5
91	91.351	0	0	91
89.5	91.351	0	0	89.5
91.5	91.351	0	0	91.5
94	91.351	0	0	94
92.5	91.351	0	0	92.5
93.5	91.351	0	0	93.5
92.5	91.351	0	0	92.5
90	91.351	0	0	90
89.5	91.351	0	0	89.5
90	91.351	0	0	90
92.5	91.351	0	0	92.5
92	91.351	0	0	92
89	91.351	0	0	89
90.5	91.351	0	0	90.5
89.5	91.351	0	0	89.5
97.5	91.351	0	0	97.5
90	91.351	0	0	90
89.5	91.351	0	0	89.5
92	91.351	0	0	92
90	91.351	0	0	90
91	91.351	0	0	91
91	91.351	0	0	91
68.5	68.49	0.242	0.411	68.5
66.5	67.663	0.242	0.411	66.5
69	68.696	0.242	0.411	69
69	68.696	0.242	0.411	69
68.5	68.49	0.242	0.411	68.5
67.5	68.076	0.242	0.411	67.5
68	68.283	0.242	0.411	68
68.5	68.49	0.242	0.411	68.5
69	68.696	0.242	0.411	69
69	68.696	0.242	0.411	69
69.5	68.903	0.242	0.411	69.5
69	68.696	0.242	0.411	69
68.5	68.49	0.242	0.411	68.5
69	68.696	0.242	0.411	69
68	68.283	0.242	0.411	68
69	68.696	0.242	0.411	69
68	68.283	0.242	0.411	68
67.5	68.076	0.242	0.411	67.5
67	67.87	0.242	0.411	67
69	68.696	0.242	0.411	69
69	68.696	0.242	0.411	69
70.5	69.316	0.242	0.411	70.5
67.5	68.076	0.242	0.411	67.5
67	67.87	0.242	0.411	67
69	68.696	0.242	0.411	69
68	68.283	0.242	0.411	68
68.5	68.49	0.242	0.411	68.5
67.5	68.076	0.242	0.411	67.5
66	67.457	0.242	0.411	66
68	68.283	0.242	0.411	68
69	68.696	0.242	0.411	69
69	68.696	0.242	0.411	69
68	68.283	0.242	0.411	68
68.5	68.49	0.242	0.411	68.5
67.5	68.076	0.242	0.411	67.5
70	69.109	0.242	0.411	70
69	68.696	0.242	0.411	69
68.5	68.49	0.242	0.411	68.5
69	68.696	0.242	0.411	69
70	69.109	0.242	0.411	70
68.5	68.49	0.242	0.411	68.5
68	68.283	0.242	0.411	68
67.5	68.076	0.242	0.411	67.5
67.5	68.076	0.242	0.411	67.5
69	68.696	0.242	0.411	69
69	68.696	0.242	0.411	69
69	68.696	0.242	0.411	69
71	69.522	0.242	0.411	71
68.5	68.49	0.242	0.411	68.5
70	69.109	0.242	0.411	70
69	68.696	0.242	0.411	69
68.5	68.49	0.242	0.411	68.5
68	68.283	0.242	0.411	68
68	68.283	0.242	0.411	68
68	68.283	0.242	0.411	68
68.5	68.49	0.242	0.411	68.5
69	68.696	0.242	0.411	69
69	68.696	0.242	0.411	69
68	68.283	0.242	0.411	68
68	68.283	0.242	0.411	68
66.5	67.663	0.242	0.411	66.5
67	67.87	0.242	0.411	67
67	67.87	0.242	0.411	67
68.5	68.49	0.242	0.411	68.5
68.5	68.49	0.242	0.411	68.5
68.5	68.49	0.242	0.411	68.5
69.5	68.903	0.242	0.411	69.5
69	68.696	0.242	0.411	69
69	68.696	0.242	0.411	69
69	68.696	0.242	0.411	69
68.5	68.49	0.242	0.411	68.5
66.5	67.663	0.242	0.411	66.5
69	68.696	0.242	0.411	69
69.5	68.903	0.242	0.411	69.5
67.5	68.076	0.242	0.411	67.5
68	68.283	0.242	0.411	68
66	67.457	0.242	0.411	66
69.5	68.903	0.242	0.411	69.5
68	68.283	0.242	0.411	68
69.5	68.903	0.242	0.411	69.5
68.5	68.49	0.242	0.411	68.5
69.5	68.903	0.242	0.411	69.5
66	67.457	0.242	0.411	66
70.5	69.316	0.242	0.411	70.5
69	68.696	0.242	0.411	69
68.5	68.49	0.242	0.411	68.5
68	68.283	0.242	0.411	68
69	68.696	0.242	0.411	69
67.5	68.076	0.242	0.411	67.5
68.5	68.49	0.242	0.411	68.5
68	68.283	0.242	0.411	68
70	69.109	0.242	0.411	70
68.5	68.49	0.242	0.411	68.5
69	68.696	0.242	0.411	69
69	68.696	0.242	0.411	69
70	69.109	0.242	0.411	70
69	68.696	0.242	0.411	69
69	68.696	0.242	0.411	69
66.5	67.663	0.242	0.411	66.5
67.5	68.076	0.242	0.411	67.5
69	68.696	0.242	0.411	69
68	68.283	0.242	0.411	68
67.5	68.076	0.242	0.411	67.5
69	68.696	0.242	0.411	69
70	69.109	0.242	0.411	70
68.5	68.49	0.242	0.411	68.5
68.5	68.49	0.242	0.411	68.5
70	69.109	0.242	0.411	70
69	68.696	0.242	0.411	69
69	68.696	0.242	0.411	69
67.5	68.076	0.242	0.411	67.5
68.5	68.49	0.242	0.411	68.5
68.5	68.49	0.242	0.411	68.5
70	69.109	0.242	0.411	70
68.5	68.49	0.242	0.411	68.5
68	68.283	0.242	0.411	68
68	68.283	0.242	0.411	68
66.5	67.663	0.242	0.411	66.5
68.5	68.49	0.242	0.411	68.5
68.5	68.49	0.242	0.411	68.5
68	68.283	0.242	0.411	68
69.5	68.903	0.242	0.411	69.5
66	67.457	0.242	0.411	66
69.5	68.903	0.242	0.411	69.5
69	68.696	0.242	0.411	69
69.5	68.903	0.242	0.411	69.5
68.5	68.49	0.242	0.411	68.5
68	68.283	0.242	0.411	68
68	68.283	0.242	0.411	68
67.5	68.076	0.242	0.411	67.5
67.5	68.076	0.242	0.411	67.5
67	67.87	0.242	0.411	67
67	67.87	0.242	0.411	67
68	68.283	0.242	0.411	68
68.5	68.49	0.242	0.411	68.5
68.5	68.49	0.242	0.411	68.5
68	68.283	0.242	0.411	68
67.5	68.076	0.242	0.411	67.5
68	68.283	0.242	0.411	68
67.5	68.076	0.242	0.411	67.5
68.5	68.49	0.242	0.411	68.5
67.5	68.076	0.242	0.411	67.5
68	68.283	0.242	0.411	68
68	68.283	0.242	0.411	68
68	68.283	0.242	0.411	68
69	68.696	0.242	0.411	69
69.5	68.903	0.242	0.411	69.5
67.5	68.076	0.242	0.411	67.5
68.5	68.49	0.242	0.411	68.5
69.5	68.903	0.242	0.411	69.5
69.5	68.903	0.242	0.411	69.5
70	69.109	0.242	0.411	70
68.5	68.49	0.242	0.411	68.5
70	69.109	0.242	0.411	70
69.5	68.903	0.242	0.411	69.5
68.5	68.49	0.242	0.411	68.5
69.5	68.903	0.242	0.411	69.5
70	69.109	0.242	0.411	70
68.5	68.49	0.242	0.411	68.5
67.5	68.076	0.242	0.411	67.5
67.5	68.076	0.242	0.411	67.5
71	69.522	0.242	0.411	71
67.5	68.076	0.242	0.411	67.5
69	68.696	0.242	0.411	69
69	68.696	0.242	0.411	69
71	69.522	0.242	0.411	71
70	69.109	0.242	0.411	70
67	67.87	0.242	0.411	67
92.5	93.357	0.895	0.172	92.5
96	93.962	0.895	0.172	96
94	93.616	0.895	0.172	94
95	93.789	0.895	0.172	95
94	93.616	0.895	0.172	94
93	93.443	0.895	0.172	93
90	92.924	0.895	0.172	90
96.5	94.048	0.895	0.172	96.5
91	93.097	0.895	0.172	91
96	93.962	0.895	0.172	96
91	93.097	0.895	0.172	91
97.5	94.221	0.895	0.172	97.5
94.5	93.702	0.895	0.172	94.5
98	94.308	0.895	0.172	98
97	94.135	0.895	0.172	97
92	93.27	0.895	0.172	92
93	93.443	0.895	0.172	93
94	93.616	0.895	0.172	94
93.5	93.53	0.895	0.172	93.5
92	93.27	0.895	0.172	92
97.5	94.221	0.895	0.172	97.5
97	94.135	0.895	0.172	97
94.5	93.702	0.895	0.172	94.5
93.5	93.53	0.895	0.172	93.5
96	93.962	0.895	0.172	96
93	93.443	0.895	0.172	93
95.5	93.875	0.895	0.172	95.5
93.5	93.53	0.895	0.172	93.5
89.5	92.838	0.895	0.172	89.5
95	93.789	0.895	0.172	95
92.5	93.357	0.895	0.172	92.5
92.5	93.357	0.895	0.172	92.5
91.5	93.184	0.895	0.172	91.5
92	93.27	0.895	0.172	92
90.5	93.011	0.895	0.172	90.5
94.5	93.702	0.895	0.172	94.5
91.5	93.184	0.895	0.172	91.5
95.5	93.875	0.895	0.172	95.5
93	93.443	0.895	0.172	93
98	94.308	0.895	0.172	98
98	94.308	0.895	0.172	98
96.5	94.048	0.895	0.172	96.5
92.5	93.357	0.895	0.172	92.5
93.5	93.53	0.895	0.172	93.5
94	93.616	0.895	0.172	94
91	93.097	0.895	0.172	91
90.5	93.011	0.895	0.172	90.5
91	93.097	0.895	0.172	91
97.5	94.221	0.895	0.172	97.5
97.5	94.221	0.895	0.172	97.5
93	93.443	0.895	0.172	93
91	93.097	0.895	0.172	91
92.5	93.357	0.895	0.172	92.5
94	93.616	0.895	0.172	94
93	93.443	0.895	0.172	93
92.5	93.357	0.895	0.172	92.5
95.5	93.875	0.895	0.172	95.5
93	93.443	0.895	0.172	93
92	93.27	0.895	0.172	92
89	92.751	0.895	0.172	89
91.5	93.184	0.895	0.172	91.5
93.5	93.53	0.895	0.172	93.5
91.5	93.184	0.895	0.172	91.5
97.5	94.221	0.895	0.172	97.5
96.5	94.048	0.895	0.172	96.5
93.5	93.53	0.895	0.172	93.5
93	93.443	0.895	0.172	93
94	93.616	0.895	0.172	94
94	93.616	0.895	0.172	94
96.5	94.048	0.895	0.172	96.5
93	93.443	0.895	0.172	93
93.5	93.53	0.895	0.172	93.5
95.5	93.875	0.895	0.172	95.5
91.5	93.184	0.895	0.172	91.5
91	93.097	0.895	0.172	91
95.5	93.875	0.895	0.172	95.5
89	92.751	0.895	0.172	89
95	93.789	0.895	0.172	95
92	93.27	0.895	0.172	92
95	93.789	0.895	0.172	95
91.5	93.184	0.895	0.172	91.5
95	93.789	0.895	0.172	95
94	93.616	0.895	0.172	94
96	93.962	0.895	0.172	96
93	93.443	0.895	0.172	93
95	93.789	0.895	0.172	95
92	93.27	0.895	0.172	92
90	92.924	0.895	0.172	90
88.5	92.665	0.895	0.172	88.5
94.5	93.702	0.895	0.172	94.5
94	93.616	0.895	0.172	94
101.5	94.913	0.895	0.172	101.5
88	92.578	0.895	0.172	88
93	93.443	0.895	0.172	93
90.5	93.011	0.895	0.172	90.5
92.5	93.357	0.895	0.172	92.5
95	93.789	0.895	0.172	95
95	93.789	0.895	0.172	95
91.5	93.184	0.895	0.172	91.5
95.5	93.875	0.895	0.172	95.5
94.5	93.702	0.895	0.172	94.5
91	93.097	0.895	0.172	91
89.5	92.838	0.895	0.172	89.5
94	93.616	0.895	0.172	94
96	93.962	0.895	0.172	96
90.5	93.011	0.895	0.172	90.5
97.5	94.221	0.895	0.172	97.5
95	93.789	0.895	0.172	95
93	93.443	0.895	0.172	93
95	93.789	0.895	0.172	95
93	93.443	0.895	0.172	93
97	94.135	0.895	0.172	97
95	93.789	0.895	0.172	95
91	93.097	0.895	0.172	91
92.5	93.357	0.895	0.172	92.5
91.5	93.184	0.895	0.172	91.5
92.5	93.357	0.895	0.172	92.5
93	93.443	0.895	0.172	93
95.5	93.875	0.895	0.172	95.5
95.5	93.875	0.895	0.172	95.5
93.5	93.53	0.895	0.172	93.5
93.5	93.53	0.895	0.172	93.5
94.5	93.702	0.895	0.172	94.5
95.5	93.875	0.895	0.172	95.5
96	93.962	0.895	0.172	96
94	93.616	0.895	0.172	94
87	92.406	0.895	0.172	87
88	92.578	0.895	0.172	88
92.5	93.357	0.895	0.172	92.5
93.5	93.53	0.895	0.172	93.5
92.5	93.357	0.895	0.172	92.5
91	93.097	0.895	0.172	91
94	93.616	0.895	0.172	94
93	93.443	0.895	0.172	93
97.5	94.221	0.895	0.172	97.5
92	93.27	0.895	0.172	92
92	93.27	0.895	0.172	92
96.5	94.048	0.895	0.172	96.5
95.5	93.875	0.895	0.172	95.5
95.5	93.875	0.895	0.172	95.5
93.5	93.53	0.895	0.172	93.5
88.5	92.665	0.895	0.172	88.5
97	94.135	0.895	0.172	97
93	93.443	0.895	0.172	93
96	93.962	0.895	0.172	96
89	92.751	0.895	0.172	89
90	92.924	0.895	0.172	90
93.5	93.53	0.895	0.172	93.5
92	93.27	0.895	0.172	92
92.5	93.357	0.895	0.172	92.5
100	94.654	0.895	0.172	100
93.5	93.53	0.895	0.172	93.5
91.5	93.184	0.895	0.172	91.5
93	93.443	0.895	0.172	93
96.5	94.048	0.895	0.172	96.5
92	93.27	0.895	0.172	92
97.5	94.221	0.895	0.172	97.5
96.5	94.048	0.895	0.172	96.5
91	93.097	0.895	0.172	91
95	93.789	0.895	0.172	95
88.5	92.665	0.895	0.172	88.5
97.5	94.221	0.895	0.172	97.5
93	93.443	0.895	0.172	93
92.5	93.357	0.895	0.172	92.5
92.5	93.357	0.895	0.172	92.5
93.5	93.53	0.895	0.172	93.5
92	93.27	0.895	0.172	92
90	92.924	0.895	0.172	90
